# # Pm_in_wat                                                    FEFF 9.6.4  
# # POT  SCF 100  8.5000   1, core-hole, AFOLP (folp(0)= 1.150)
# # Abs   Z=61 Rmt= 1.743 Rnm= 1.813 L1 shell
# # Pot 1 Z= 8 Rmt= 0.818 Rnm= 1.001
# # Pot 2 Z= 7 Rmt= 0.830 Rnm= 0.980
# # Pot 3 Z= 6 Rmt= 0.750 Rnm= 0.959
# # Pot 4 Z= 1 Rmt= 0.885 Rnm= 0.933
# # Gam_ch=5.003E+00 H-L exch Vi= 0.000E+00 Vr= 0.000E+00
# # Mu=-6.097E+00 kf=2.523E+00 Vint=-1.501E+01 Rs_int= 1.438
# # PATH  Rmax= 8.500,  Keep_limit= 0.00, Heap_limit 0.00  Pwcrit= 0.01%
#  S02=1.000  Temp=   0.00  Debye_temp=   0.00  Global_sig2= 0.00000
#  Energy zero shift, vr, vi    0.00000E+00   0.00000E+00
#     file         sig2 tot  cw amp ratio   deg  nlegs   reff  inp sig2
#           1       0.00000    100.00      1.00     2   2.3109
#           2       0.00000     84.49      1.00     2   2.4489
#           3       0.00000     82.48      1.00     2   2.4692
#           4       0.00000     78.46      1.00     2   2.5118
#           5       0.00000     78.27      1.00     2   2.5138
#           6       0.00000     75.13      1.00     2   2.5491
#           7       0.00000     68.17      1.00     2   2.6344
#           8       0.00000     64.56      1.00     2   2.6831
#           9       0.00000     63.84      1.00     2   2.6933
#          10       0.00000     35.09      1.00     2   3.2437
#          11       0.00000     32.53      1.00     2   3.3228
#          12       0.00000     30.37      1.00     2   3.3954
#          13       0.00000     54.14      2.00     3   3.4000
#          14       0.00000      6.26      1.00     2   3.4058
#          15       0.00000     29.18      1.00     2   3.4383
#          16       0.00000     28.43      1.00     2   3.4665
#          17       0.00000     28.30      1.00     2   3.4716
#          18       0.00000     28.13      1.00     2   3.4779
#          19       0.00000     40.47      2.00     3   3.5172
#          20       0.00000     27.10      1.00     2   3.5187
#          21       0.00000     26.25      1.00     2   3.5536
#          22       0.00000     45.68      2.00     3   3.5536
#          23       0.00000     30.48      1.00     4   3.5562
#          24       0.00000     25.99      1.00     2   3.5647
#          25       0.00000     24.88      1.00     2   3.6132
#          26       0.00000     42.98      2.00     3   3.6227
#          27       0.00000     44.13      2.00     3   3.6284
#          28       0.00000     31.23      2.00     3   3.6607
#          29       0.00000     11.77      2.00     3   3.6694
#          30       0.00000     23.29      1.00     2   3.6869
#          31       0.00000     30.13      2.00     3   3.6944
#          32       0.00000      4.80      1.00     2   3.6978
#          33       0.00000     25.80      1.00     4   3.7118
#          34       0.00000     19.65      1.00     4   3.7116
#          35       0.00000     31.42      2.00     3   3.7228
#          36       0.00000      4.53      1.00     2   3.7646
#          37       0.00000     24.59      1.00     4   3.7790
#          38       0.00000     26.17      1.00     4   3.7789
#          39       0.00000      9.64      2.00     3   3.8066
#          40       0.00000     21.79      2.00     3   3.8318
#          41       0.00000      8.94      2.00     3   3.8507
#          42       0.00000     20.84      2.00     3   3.8513
#          43       0.00000     23.36      2.00     3   3.8616
#          44       0.00000      4.15      1.00     2   3.8647
#          45       0.00000      9.12      2.00     3   3.8656
#          46       0.00000     13.63      1.00     4   3.8830
#          47       0.00000      8.76      2.00     3   3.8991
#          48       0.00000      8.72      2.00     3   3.9042
#          49       0.00000     13.04      1.00     4   3.9171
#          50       0.00000     23.05      2.00     3   3.9226
#          51       0.00000     14.66      1.00     4   3.9268
#          52       0.00000      6.94      2.00     3   3.9617
#          53       0.00000      7.01      2.00     3   3.9986
#          54       0.00000      3.05      2.00     3   4.0012
#          55       0.00000      7.43      2.00     3   4.0168
#          56       0.00000      7.22      2.00     3   4.0229
#          57       0.00000      6.28      2.00     3   4.0278
#          58       0.00000      3.61      1.00     2   4.0293
#          59       0.00000      4.83      2.00     3   4.0368
#          60       0.00000      8.94      2.00     3   4.0385
#          61       0.00000      6.28      2.00     3   4.0418
#          62       0.00000      5.45      2.00     3   4.1065
#          63       0.00000      8.22      2.00     3   4.1093
#          64       0.00000      9.36      1.00     4   4.1100
#          65       0.00000      7.66      1.00     4   4.1101
#          66       0.00000      4.92      2.00     3   4.1181
#          67       0.00000      3.35      1.00     2   4.1213
#          68       0.00000      8.90      2.00     3   4.1354
#          69       0.00000      7.12      1.00     4   4.1380
#          70       0.00000      9.74      1.00     4   4.1583
#          71       0.00000     11.88      2.00     3   4.1602
#          72       0.00000     11.15      2.00     3   4.1644
#          73       0.00000      3.21      1.00     2   4.1729
#          74       0.00000      7.95      2.00     3   4.1750
#          75       0.00000      8.30      2.00     3   4.1881
#          76       0.00000      3.26      2.00     3   4.1905
#          77       0.00000      5.28      2.00     4   4.1947
#          78       0.00000      3.23      2.00     3   4.2119
#          79       0.00000      2.76      2.00     3   4.2229
#          80       0.00000      7.01      2.00     3   4.2328
#          81       0.00000      7.03      2.00     3   4.2421
#          82       0.00000      3.62      2.00     3   4.2533
#          83       0.00000      3.08      2.00     3   4.2545
#          84       0.00000      2.83      2.00     3   4.2557
#          85       0.00000     10.73      2.00     3   4.2617
#          86       0.00000      7.50      2.00     3   4.2624
#          87       0.00000      1.94      2.00     3   4.2637
#          88       0.00000     11.06      2.00     3   4.2641
#          89       0.00000      2.97      1.00     2   4.2666
#          90       0.00000      4.08      2.00     3   4.2724
#          91       0.00000      6.76      2.00     3   4.2736
#          92       0.00000      3.15      2.00     3   4.2801
#          93       0.00000      7.71      2.00     3   4.2859
#          94       0.00000      6.61      2.00     3   4.2911
#          95       0.00000      2.27      2.00     3   4.2950
#          96       0.00000      2.90      1.00     2   4.2961
#          97       0.00000      5.32      2.00     3   4.2957
#          98       0.00000      4.15      2.00     3   4.2966
#          99       0.00000      2.89      1.00     2   4.3008
#         100       0.00000      4.11      2.00     4   4.3037
#         101       0.00000      9.77      2.00     3   4.3104
#         102       0.00000      6.59      2.00     3   4.3139
#         103       0.00000      9.94      2.00     3   4.3205
#         104       0.00000      4.27      2.00     4   4.3207
#         105       0.00000      4.18      2.00     3   4.3253
#         106       0.00000      1.76      2.00     3   4.3329
#         107       0.00000      3.12      2.00     3   4.3374
#         108       0.00000      4.50      2.00     4   4.3395
#         109       0.00000      5.19      2.00     4   4.3546
#         110       0.00000     13.66      1.00     2   4.3556
#         111       0.00000      3.26      2.00     3   4.3656
#         112       0.00000     14.79      2.00     3   4.3662
#         113       0.00000      6.57      2.00     4   4.3685
#         114       0.00000      4.49      1.00     4   4.3768
#         115       0.00000      1.89      2.00     3   4.3812
#         116       0.00000      6.08      2.00     4   4.3830
#         117       0.00000      4.22      2.00     3   4.3910
#         118       0.00000      3.86      2.00     4   4.3910
#         119       0.00000      3.43      2.00     4   4.3977
#         120       0.00000      5.30      2.00     3   4.4096
#         121       0.00000      4.79      2.00     3   4.4192
#         122       0.00000      5.35      2.00     4   4.4204
#         123       0.00000      4.22      2.00     3   4.4243
#         124       0.00000      7.43      2.00     3   4.4257
#         125       0.00000      3.82      2.00     4   4.4299
#         126       0.00000      6.36      2.00     3   4.4402
#         127       0.00000      3.96      2.00     4   4.4416
#         128       0.00000      3.18      2.00     3   4.4532
#         129       0.00000      4.53      2.00     3   4.4592
#         130       0.00000      2.54      1.00     2   4.4619
#         131       0.00000      1.72      2.00     3   4.4644
#         132       0.00000      3.16      2.00     4   4.4644
#         133       0.00000      3.46      2.00     4   4.4686
#         134       0.00000      4.70      2.00     4   4.4710
#         135       0.00000      3.03      2.00     4   4.4748
#         136       0.00000      1.93      2.00     4   4.4772
#         137       0.00000     12.39      1.00     2   4.4791
#         138       0.00000      4.60      2.00     4   4.4841
#         139       0.00000     16.47      1.00     4   4.4890
#         140       0.00000      2.36      2.00     4   4.4901
#         141       0.00000     12.23      1.00     2   4.5070
#         142       0.00000      3.12      2.00     4   4.5108
#         143       0.00000      7.57      2.00     3   4.5151
#         144       0.00000      4.00      2.00     4   4.5185
#         145       0.00000      3.26      2.00     4   4.5216
#         146       0.00000      2.42      1.00     2   4.5233
#         147       0.00000      8.22      2.00     5   4.5247
#         148       0.00000      4.30      2.00     4   4.5400
#         149       0.00000      2.38      1.00     2   4.5448
#         150       0.00000     26.63      2.00     3   4.5448
#         151       0.00000      5.41      2.00     4   4.5461
#         152       0.00000     33.02      2.00     3   4.5493
#         153       0.00000      5.64      1.00     4   4.5506
#         154       0.00000      4.32      2.00     4   4.5508
#         155       0.00000      2.26      1.00     4   4.5621
#         156       0.00000      3.37      2.00     4   4.5630
#         157       0.00000      4.54      2.00     3   4.5639
#         158       0.00000      1.46      1.00     4   4.5640
#         159       0.00000     14.06      1.00     4   4.5652
#         160       0.00000      4.18      2.00     3   4.5666
#         161       0.00000      2.34      1.00     2   4.5691
#         162       0.00000      4.44      2.00     4   4.5689
#         163       0.00000      2.26      1.00     4   4.5717
#         164       0.00000      8.39      2.00     5   4.5774
#         165       0.00000     15.71      1.00     4   4.5827
#         166       0.00000      6.49      2.00     4   4.5840
#         167       0.00000      3.07      2.00     3   4.5850
#         168       0.00000     36.43      2.00     4   4.5871
#         169       0.00000     26.66      1.00     4   4.5916
#         170       0.00000      2.33      2.00     4   4.5921
#         171       0.00000      5.67      2.00     4   4.5927
#         172       0.00000      1.56      2.00     3   4.5954
#         173       0.00000      0.44      1.00     4   4.5967
#         174       0.00000     11.32      1.00     2   4.6069
#         175       0.00000      6.11      2.00     3   4.6068
#         176       0.00000      8.08      2.00     3   4.6083
#         177       0.00000      1.69      1.00     4   4.6090
#         178       0.00000      3.95      2.00     3   4.6096
#         179       0.00000      4.03      2.00     4   4.6137
#         180       0.00000      3.79      1.00     4   4.6137
#         181       0.00000      6.97      2.00     3   4.6161
#         182       0.00000      2.10      1.00     4   4.6175
#         183       0.00000      2.25      1.00     2   4.6187
#         184       0.00000      7.11      1.00     4   4.6218
#         185       0.00000     34.64      2.00     3   4.6270
#         186       0.00000      3.88      2.00     4   4.6277
#         187       0.00000      1.30      2.00     3   4.6314
#         188       0.00000     11.08      1.00     2   4.6355
#         189       0.00000      4.07      2.00     3   4.6368
#         190       0.00000      2.22      1.00     2   4.6395
#         191       0.00000      4.90      2.00     3   4.6423
#         192       0.00000      4.22      2.00     3   4.6432
#         193       0.00000      4.60      2.00     4   4.6442
#         194       0.00000     45.11      2.00     5   4.6453
#         195       0.00000      3.62      2.00     3   4.6465
#         196       0.00000      2.45      1.00     4   4.6463
#         197       0.00000     29.63      1.00     4   4.6470
#         198       0.00000      8.47      1.00     4   4.6475
#         199       0.00000      5.15      2.00     4   4.6485
#         200       0.00000      4.89      2.00     3   4.6504
#         201       0.00000     13.47      1.00     4   4.6583
#         202       0.00000      0.67      1.00     4   4.6591
#         203       0.00000      7.89      2.00     3   4.6629
#         204       0.00000      6.77      2.00     3   4.6696
#         205       0.00000      1.37      2.00     3   4.6692
#         206       0.00000      3.10      2.00     4   4.6727
#         207       0.00000     20.66      2.00     3   4.6771
#         208       0.00000     23.01      2.00     3   4.6779
#         209       0.00000     28.85      2.00     3   4.6829
#         210       0.00000      0.53      1.00     4   4.6833
#         211       0.00000      7.84      1.00     4   4.6863
#         212       0.00000     11.55      1.00     4   4.6869
#         213       0.00000      3.22      2.00     3   4.6879
#         214       0.00000      0.73      1.00     4   4.6955
#         215       0.00000      3.92      2.00     3   4.6975
#         216       0.00000     32.39      2.00     4   4.6971
#         217       0.00000     10.54      1.00     2   4.7003
#         218       0.00000      3.23      2.00     3   4.7004
#         219       0.00000     10.53      1.00     2   4.7021
#         220       0.00000      0.99      2.00     4   4.7030
#         221       0.00000      6.93      2.00     5   4.7044
#         222       0.00000     27.49      2.00     4   4.7056
#         223       0.00000      6.20      2.00     5   4.7070
#         224       0.00000     13.54      1.00     4   4.7077
#         225       0.00000      5.75      1.00     4   4.7090
#         226       0.00000      1.36      2.00     3   4.7142
#         227       0.00000      0.85      2.00     4   4.7156
#         228       0.00000      3.46      2.00     3   4.7185
#         229       0.00000      7.08      2.00     5   4.7194
#         230       0.00000     13.09      1.00     4   4.7203
#         231       0.00000     10.36      1.00     2   4.7234
#         232       0.00000     30.70      2.00     4   4.7253
#         233       0.00000      1.53      1.00     4   4.7272
#         234       0.00000     23.05      1.00     4   4.7303
#         235       0.00000      3.85      2.00     3   4.7310
#         236       0.00000      1.32      2.00     3   4.7311
#         237       0.00000     30.57      2.00     3   4.7321
#         238       0.00000     12.51      1.00     4   4.7317
#         239       0.00000     10.25      2.00     3   4.7332
#         240       0.00000      6.70      2.00     4   4.7360
#         241       0.00000      7.57      2.00     4   4.7367
#         242       0.00000     31.66      2.00     3   4.7419
#         243       0.00000      4.34      2.00     3   4.7416
#         244       0.00000     28.46      2.00     3   4.7434
#         245       0.00000     34.24      2.00     5   4.7434
#         246       0.00000     21.23      2.00     3   4.7472
#         247       0.00000     11.02      1.00     4   4.7472
#         248       0.00000      0.53      1.00     4   4.7469
#         249       0.00000      0.47      1.00     4   4.7480
#         250       0.00000     45.38      2.00     5   4.7479
#         251       0.00000      4.28      1.00     4   4.7517
#         252       0.00000      0.71      2.00     4   4.7517
#         253       0.00000      1.43      1.00     4   4.7522
#         254       0.00000      1.37      2.00     3   4.7543
#         255       0.00000      2.20      2.00     4   4.7561
#         256       0.00000     20.32      2.00     3   4.7572
#         257       0.00000      5.58      2.00     4   4.7584
#         258       0.00000      1.10      2.00     4   4.7598
#         259       0.00000     34.75      2.00     5   4.7596
#         260       0.00000     26.99      1.00     4   4.7604
#         261       0.00000      5.32      2.00     5   4.7624
#         262       0.00000      2.10      1.00     4   4.7631
#         263       0.00000     25.97      1.00     4   4.7639
#         264       0.00000      8.31      2.00     5   4.7733
#         265       0.00000      3.58      2.00     3   4.7744
#         266       0.00000     31.57      2.00     4   4.7790
#         267       0.00000      4.29      2.00     4   4.7801
#         268       0.00000      3.50      2.00     4   4.7812
#         269       0.00000      3.27      2.00     3   4.7826
#         270       0.00000      0.93      1.00     4   4.7851
#         271       0.00000     23.20      1.00     4   4.7847
#         272       0.00000      3.80      2.00     5   4.7849
#         273       0.00000      3.04      2.00     5   4.7858
#         274       0.00000      1.01      2.00     4   4.7877
#         275       0.00000      7.48      2.00     3   4.7884
#         276       0.00000      4.84      2.00     4   4.7914
#         277       0.00000     11.82      1.00     4   4.7941
#         278       0.00000      4.64      2.00     5   4.7968
#         279       0.00000      6.92      2.00     4   4.7978
#         280       0.00000     28.55      2.00     4   4.7985
#         281       0.00000     33.16      1.00     6   4.8015
#         282       0.00000      3.02      2.00     4   4.8023
#         283       0.00000      5.06      2.00     5   4.8068
#         284       0.00000      2.20      2.00     3   4.8086
#         285       0.00000      4.52      2.00     3   4.8098
#         286       0.00000      2.01      1.00     4   4.8101
#         287       0.00000     17.03      2.00     3   4.8118
#         288       0.00000      1.32      1.00     4   4.8116
#         289       0.00000     11.04      1.00     4   4.8123
#         290       0.00000      0.72      2.00     4   4.8140
#         291       0.00000      1.28      2.00     3   4.8166
#         292       0.00000      1.45      1.00     4   4.8164
#         293       0.00000     36.31      2.00     5   4.8165
#         294       0.00000      6.19      2.00     5   4.8178
#         295       0.00000      0.81      2.00     4   4.8201
#         296       0.00000     24.41      2.00     4   4.8214
#         297       0.00000      3.65      2.00     4   4.8227
#         298       0.00000      2.11      2.00     4   4.8247
#         299       0.00000      1.92      1.00     2   4.8252
#         300       0.00000      1.89      1.00     4   4.8260
#         301       0.00000      2.03      1.00     4   4.8269
#         302       0.00000      2.61      2.00     3   4.8279
#         303       0.00000     27.00      2.00     4   4.8303
#         304       0.00000      1.53      1.00     4   4.8311
#         305       0.00000      3.15      2.00     4   4.8320
#         306       0.00000      3.47      2.00     5   4.8317
#         307       0.00000      1.35      1.00     4   4.8332
#         308       0.00000      2.56      2.00     3   4.8368
#         309       0.00000      2.73      2.00     3   4.8373
#         310       0.00000      1.67      1.00     4   4.8371
#         311       0.00000      1.25      2.00     3   4.8402
#         312       0.00000     23.24      2.00     4   4.8411
#         313       0.00000     44.21      2.00     5   4.8414
#         314       0.00000      3.96      2.00     4   4.8425
#         315       0.00000      1.93      1.00     4   4.8434
#         316       0.00000      1.44      2.00     3   4.8466
#         317       0.00000      6.44      2.00     4   4.8464
#         318       0.00000      1.44      2.00     3   4.8478
#         319       0.00000      2.29      1.00     4   4.8489
#         320       0.00000      1.16      2.00     3   4.8498
#         321       0.00000      1.22      2.00     3   4.8500
#         322       0.00000      1.90      2.00     4   4.8506
#         323       0.00000      4.26      2.00     5   4.8504
#         324       0.00000      4.45      2.00     4   4.8519
#         325       0.00000      4.97      2.00     4   4.8546
#         326       0.00000      2.46      2.00     4   4.8555
#         327       0.00000     38.18      2.00     5   4.8583
#         328       0.00000      2.68      2.00     3   4.8594
#         329       0.00000      0.57      2.00     4   4.8591
#         330       0.00000     15.83      2.00     4   4.8600
#         331       0.00000      2.15      1.00     4   4.8601
#         332       0.00000      0.97      2.00     3   4.8638
#         333       0.00000      3.45      2.00     4   4.8636
#         334       0.00000      1.87      1.00     2   4.8642
#         335       0.00000      4.20      2.00     4   4.8645
#         336       0.00000      6.35      2.00     4   4.8651
#         337       0.00000      2.59      2.00     3   4.8693
#         338       0.00000      1.38      1.00     4   4.8702
#         339       0.00000      1.45      2.00     3   4.8722
#         340       0.00000      1.28      2.00     3   4.8729
#         341       0.00000      1.01      1.00     4   4.8739
#         342       0.00000      0.65      2.00     4   4.8740
#         343       0.00000     10.12      2.00     3   4.8746
#         344       0.00000      2.76      2.00     4   4.8748
#         345       0.00000      8.23      1.00     4   4.8770
#         346       0.00000      2.95      2.00     4   4.8770
#         347       0.00000      1.20      1.00     4   4.8784
#         348       0.00000      3.88      2.00     4   4.8803
#         349       0.00000     24.78      2.00     4   4.8826
#         350       0.00000      2.49      2.00     4   4.8823
#         351       0.00000     28.15      2.00     5   4.8835
#         352       0.00000      1.24      1.00     4   4.8849
#         353       0.00000      3.64      2.00     3   4.8874
#         354       0.00000      3.65      2.00     4   4.8876
#         355       0.00000     33.89      2.00     5   4.8880
#         356       0.00000     37.95      2.00     5   4.8885
#         357       0.00000      1.37      2.00     3   4.8898
#         358       0.00000      0.81      2.00     4   4.8900
#         359       0.00000      1.03      2.00     4   4.8916
#         360       0.00000     27.36      2.00     5   4.8915
#         361       0.00000      0.33      1.00     4   4.8921
#         362       0.00000      2.39      2.00     3   4.8941
#         363       0.00000      4.37      2.00     4   4.8950
#         364       0.00000      2.21      2.00     4   4.8948
#         365       0.00000      1.22      1.00     4   4.8959
#         366       0.00000      4.94      1.00     4   4.8979
#         367       0.00000     22.45      2.00     4   4.8997
#         368       0.00000      8.59      1.00     4   4.9002
#         369       0.00000      1.06      2.00     3   4.9016
#         370       0.00000      5.95      2.00     3   4.9022
#         371       0.00000      3.61      2.00     3   4.9025
#         372       0.00000      4.34      2.00     3   4.9035
#         373       0.00000      0.91      2.00     3   4.9037
#         374       0.00000     21.94      1.00     6   4.9041
#         375       0.00000      8.23      2.00     4   4.9053
#         376       0.00000      0.65      2.00     4   4.9063
#         377       0.00000      8.02      2.00     3   4.9083
#         378       0.00000      1.80      2.00     4   4.9086
#         379       0.00000      5.07      2.00     3   4.9093
#         380       0.00000      2.97      2.00     4   4.9094
#         381       0.00000      1.68      1.00     4   4.9093
#         382       0.00000     26.55      2.00     5   4.9093
#         383       0.00000      1.15      1.00     4   4.9117
#         384       0.00000      0.83      2.00     4   4.9117
#         385       0.00000      3.41      2.00     4   4.9141
#         386       0.00000     43.63      2.00     5   4.9144
#         387       0.00000      1.96      2.00     4   4.9151
#         388       0.00000      4.54      2.00     5   4.9147
#         389       0.00000      2.68      2.00     4   4.9182
#         390       0.00000      1.03      2.00     4   4.9200
#         391       0.00000      0.70      2.00     3   4.9286
#         392       0.00000      0.50      2.00     4   4.9284
#         393       0.00000      1.92      2.00     3   4.9296
#         394       0.00000     29.27      2.00     5   4.9295
#         395       0.00000      2.28      2.00     3   4.9314
#         396       0.00000      7.99      1.00     4   4.9337
#         397       0.00000      1.72      1.00     4   4.9339
#         398       0.00000      9.35      2.00     5   4.9342
#         399       0.00000      2.40      2.00     5   4.9374
#         400       0.00000      1.00      2.00     5   4.9374
#         401       0.00000      4.69      1.00     4   4.9385
#         402       0.00000      3.95      2.00     4   4.9398
#         403       0.00000      1.07      2.00     3   4.9413
#         404       0.00000      4.39      2.00     4   4.9412
#         405       0.00000     38.16      2.00     5   4.9410
#         406       0.00000      2.08      2.00     3   4.9457
#         407       0.00000      3.06      2.00     4   4.9453
#         408       0.00000      3.69      2.00     4   4.9468
#         409       0.00000      6.35      2.00     3   4.9496
#         410       0.00000     23.02      1.00     6   4.9540
#         411       0.00000     26.06      2.00     5   4.9548
#         412       0.00000      0.65      2.00     4   4.9556
#         413       0.00000      1.29      2.00     4   4.9563
#         414       0.00000      7.41      2.00     5   4.9574
#         415       0.00000      3.74      2.00     4   4.9592
#         416       0.00000      2.39      2.00     3   4.9611
#         417       0.00000      1.62      2.00     4   4.9607
#         418       0.00000      3.11      2.00     4   4.9616
#         419       0.00000      1.12      2.00     3   4.9628
#         420       0.00000     19.98      2.00     4   4.9627
#         421       0.00000      2.18      1.00     4   4.9636
#         422       0.00000      0.22      1.00     4   4.9637
#         423       0.00000     20.10      2.00     4   4.9643
#         424       0.00000      1.33      2.00     4   4.9642
#         425       0.00000      9.31      2.00     5   4.9645
#         426       0.00000      1.57      2.00     4   4.9649
#         427       0.00000      2.14      2.00     5   4.9664
#         428       0.00000      2.17      2.00     3   4.9679
#         429       0.00000      3.10      2.00     4   4.9698
#         430       0.00000      2.05      1.00     4   4.9699
#         431       0.00000      0.70      2.00     5   4.9699
#         432       0.00000      4.25      2.00     4   4.9703
#         433       0.00000      6.63      1.00     4   4.9704
#         434       0.00000      0.67      2.00     4   4.9722
#         435       0.00000      2.20      2.00     5   4.9722
#         436       0.00000      1.02      2.00     3   4.9751
#         437       0.00000     26.45      1.00     6   4.9747
#         438       0.00000      2.48      2.00     5   4.9756
#         439       0.00000      1.50      2.00     3   4.9768
#         440       0.00000      0.55      2.00     4   4.9784
#         441       0.00000      1.89      1.00     4   4.9798
#         442       0.00000      2.92      2.00     4   4.9810
#         443       0.00000      1.12      2.00     4   4.9806
#         444       0.00000      0.92      2.00     4   4.9815
#         445       0.00000      0.99      2.00     5   4.9813
#         446       0.00000      2.35      2.00     4   4.9830
#         447       0.00000     36.74      2.00     5   4.9828
#         448       0.00000      4.06      2.00     4   4.9835
#         449       0.00000      1.61      2.00     4   4.9843
#         450       0.00000      4.50      2.00     5   4.9844
#         451       0.00000      2.78      2.00     4   4.9861
#         452       0.00000      5.95      2.00     5   4.9874
#         453       0.00000      3.69      2.00     4   4.9892
#         454       0.00000      6.76      2.00     4   4.9899
#         455       0.00000      6.62      2.00     4   4.9940
#         456       0.00000      1.76      2.00     4   4.9964
#         457       0.00000      3.48      1.00     6   4.9961
#         458       0.00000      1.10      2.00     4   4.9975
#         459       0.00000      2.06      2.00     4   4.9971
#         460       0.00000      1.41      2.00     3   4.9978
#         461       0.00000      2.60      2.00     4   4.9980
#         462       0.00000      2.68      1.00     4   4.9977
#         463       0.00000      2.19      2.00     3   4.9984
#         464       0.00000      0.86      2.00     4   4.9984
#         465       0.00000      1.20      2.00     4   4.9991
#         466       0.00000      1.31      2.00     4   5.0003
#         467       0.00000      2.03      2.00     3   5.0010
#         468       0.00000      6.49      2.00     3   5.0025
#         469       0.00000      0.75      2.00     5   5.0023
#         470       0.00000      1.98      2.00     4   5.0041
#         471       0.00000      2.25      2.00     4   5.0040
#         472       0.00000      1.97      2.00     5   5.0045
#         473       0.00000      2.44      2.00     4   5.0063
#         474       0.00000      4.01      2.00     4   5.0080
#         475       0.00000      1.85      1.00     6   5.0076
#         476       0.00000      2.37      2.00     3   5.0085
#         477       0.00000     29.06      1.00     6   5.0088
#         478       0.00000      2.27      2.00     4   5.0096
#         479       0.00000      6.14      1.00     4   5.0094
#         480       0.00000      2.74      2.00     3   5.0115
#         481       0.00000      3.57      2.00     4   5.0176
#         482       0.00000      0.70      2.00     4   5.0183
#         483       0.00000      4.43      2.00     4   5.0199
#         484       0.00000      1.71      2.00     4   5.0213
#         485       0.00000      2.85      2.00     4   5.0221
#         486       0.00000      2.75      1.00     6   5.0219
#         487       0.00000      0.87      2.00     3   5.0238
#         488       0.00000      4.22      1.00     4   5.0236
#         489       0.00000      4.57      2.00     5   5.0234
#         490       0.00000      1.54      2.00     3   5.0249
#         491       0.00000      1.12      2.00     4   5.0254
#         492       0.00000      2.31      2.00     4   5.0256
#         493       0.00000      1.45      2.00     4   5.0264
#         494       0.00000      4.20      1.00     4   5.0276
#         495       0.00000      3.56      2.00     5   5.0271
#         496       0.00000      1.95      1.00     4   5.0278
#         497       0.00000      4.26      2.00     4   5.0283
#         498       0.00000      1.84      1.00     4   5.0278
#         499       0.00000      1.65      1.00     2   5.0298
#         500       0.00000      0.88      2.00     3   5.0299
#         501       0.00000      1.83      2.00     3   5.0305
#         502       0.00000      1.28      2.00     4   5.0306
#         503       0.00000      0.95      2.00     4   5.0347
#         504       0.00000     19.30      1.00     6   5.0358
#         505       0.00000      2.08      2.00     3   5.0365
#         506       0.00000      1.79      2.00     3   5.0372
#         507       0.00000      3.22      2.00     4   5.0376
#         508       0.00000      1.98      2.00     3   5.0383
#         509       0.00000      6.52      1.00     4   5.0401
#         510       0.00000      4.14      2.00     4   5.0430
#         511       0.00000      1.97      2.00     5   5.0433
#         512       0.00000      3.52      2.00     4   5.0441
#         513       0.00000      1.09      2.00     5   5.0438
#         514       0.00000     24.84      1.00     6   5.0442
#         515       0.00000      0.39      2.00     3   5.0453
#         516       0.00000      1.00      1.00     4   5.0459
#         517       0.00000      0.79      2.00     5   5.0463
#         518       0.00000      1.55      2.00     4   5.0464
#         519       0.00000     17.73      1.00     6   5.0467
#         520       0.00000      0.90      2.00     3   5.0474
#         521       0.00000      1.43      1.00     4   5.0482
#         522       0.00000      1.77      2.00     4   5.0480
#         523       0.00000      3.65      2.00     5   5.0490
#         524       0.00000      0.80      2.00     3   5.0510
#         525       0.00000      1.65      2.00     4   5.0521
#         526       0.00000     21.31      2.00     5   5.0527
#         527       0.00000      1.21      2.00     4   5.0533
#         528       0.00000      1.13      2.00     3   5.0547
#         529       0.00000      2.06      1.00     6   5.0545
#         530       0.00000      1.80      2.00     4   5.0553
#         531       0.00000      1.36      2.00     3   5.0571
#         532       0.00000      0.88      2.00     3   5.0568
#         533       0.00000      3.32      2.00     4   5.0571
#         534       0.00000      1.65      2.00     4   5.0569
#         535       0.00000      3.63      2.00     3   5.0583
#         536       0.00000      0.95      2.00     4   5.0582
#         537       0.00000      1.64      2.00     5   5.0580
#         538       0.00000      8.65      2.00     3   5.0594
#         539       0.00000      3.81      2.00     4   5.0596
#         540       0.00000      1.37      2.00     4   5.0601
#         541       0.00000      0.85      2.00     3   5.0609
#         542       0.00000      0.89      2.00     3   5.0608
#         543       0.00000     10.40      2.00     4   5.0609
#         544       0.00000      9.71      2.00     3   5.0614
#         545       0.00000      2.43      1.00     4   5.0618
#         546       0.00000      2.43      2.00     4   5.0629
#         547       0.00000      1.42      2.00     3   5.0650
#         548       0.00000      0.24      1.00     4   5.0646
#         549       0.00000     20.45      1.00     6   5.0649
#         550       0.00000      3.05      2.00     4   5.0655
#         551       0.00000      2.33      2.00     4   5.0663
#         552       0.00000      2.15      2.00     4   5.0666
#         553       0.00000      1.51      1.00     4   5.0671
#         554       0.00000      2.38      2.00     5   5.0676
#         555       0.00000     11.70      2.00     5   5.0692
#         556       0.00000      0.98      1.00     4   5.0702
#         557       0.00000      1.77      2.00     3   5.0713
#         558       0.00000      3.07      2.00     4   5.0713
#         559       0.00000      2.74      2.00     5   5.0728
#         560       0.00000      1.19      2.00     4   5.0735
#         561       0.00000      1.65      2.00     3   5.0742
#         562       0.00000      0.93      1.00     4   5.0742
#         563       0.00000      0.51      2.00     5   5.0743
#         564       0.00000      7.23      2.00     5   5.0747
#         565       0.00000      2.09      2.00     4   5.0757
#         566       0.00000      4.40      2.00     5   5.0761
#         567       0.00000      1.15      2.00     4   5.0769
#         568       0.00000      3.38      2.00     4   5.0780
#         569       0.00000      0.48      2.00     4   5.0786
#         570       0.00000      2.99      2.00     3   5.0803
#         571       0.00000      0.91      2.00     3   5.0801
#         572       0.00000      0.95      1.00     4   5.0808
#         573       0.00000      2.07      2.00     3   5.0818
#         574       0.00000      1.82      2.00     4   5.0821
#         575       0.00000      3.15      2.00     4   5.0827
#         576       0.00000      0.45      2.00     4   5.0834
#         577       0.00000      2.69      2.00     5   5.0844
#         578       0.00000      2.67      1.00     4   5.0851
#         579       0.00000      2.32      1.00     4   5.0852
#         580       0.00000      2.36      2.00     4   5.0850
#         581       0.00000      4.46      2.00     4   5.0858
#         582       0.00000      1.96      2.00     4   5.0859
#         583       0.00000      0.94      2.00     4   5.0868
#         584       0.00000      1.66      2.00     4   5.0866
#         585       0.00000      1.62      2.00     4   5.0876
#         586       0.00000      0.48      2.00     4   5.0881
#         587       0.00000      0.44      2.00     3   5.0912
#         588       0.00000      2.06      2.00     4   5.0909
#         589       0.00000      2.13      2.00     5   5.0912
#         590       0.00000      1.17      2.00     4   5.0917
#         591       0.00000      2.01      2.00     5   5.0921
#         592       0.00000      9.42      2.00     5   5.0961
#         593       0.00000     17.58      1.00     6   5.0973
#         594       0.00000      3.85      1.00     4   5.0982
#         595       0.00000      3.18      2.00     5   5.0993
#         596       0.00000     17.18      2.00     5   5.0997
#         597       0.00000      1.56      1.00     4   5.1014
#         598       0.00000      7.70      2.00     4   5.1011
#         599       0.00000      1.20      2.00     3   5.1019
#         600       0.00000      3.26      2.00     4   5.1022
#         601       0.00000     25.03      2.00     4   5.1037
#         602       0.00000      1.72      2.00     4   5.1034
#         603       0.00000      1.47      2.00     3   5.1039
#         604       0.00000      0.91      1.00     4   5.1042
#         605       0.00000      7.51      1.00     2   5.1044
#         606       0.00000      1.34      1.00     4   5.1049
#         607       0.00000      2.93      2.00     4   5.1052
#         608       0.00000      1.30      2.00     3   5.1066
#         609       0.00000      2.32      2.00     4   5.1076
#         610       0.00000      1.45      2.00     3   5.1094
#         611       0.00000     10.59      2.00     5   5.1094
#         612       0.00000      1.71      2.00     3   5.1104
#         613       0.00000      0.81      2.00     3   5.1099
#         614       0.00000      1.50      2.00     4   5.1102
#         615       0.00000      3.53      2.00     4   5.1116
#         616       0.00000      2.11      2.00     4   5.1143
#         617       0.00000      0.48      2.00     4   5.1165
#         618       0.00000      1.18      2.00     4   5.1170
#         619       0.00000     16.35      2.00     3   5.1194
#         620       0.00000      1.02      1.00     4   5.1198
#         621       0.00000      1.75      2.00     5   5.1198
#         622       0.00000      0.48      2.00     4   5.1205
#         623       0.00000      1.54      2.00     5   5.1203
#         624       0.00000      0.20      1.00     4   5.1216
#         625       0.00000      0.95      2.00     4   5.1211
#         626       0.00000      0.48      2.00     4   5.1225
#         627       0.00000      6.56      1.00     6   5.1226
#         628       0.00000      4.34      2.00     4   5.1231
#         629       0.00000      1.06      2.00     3   5.1242
#         630       0.00000      0.40      2.00     3   5.1244
#         631       0.00000      1.32      1.00     4   5.1253
#         632       0.00000      1.49      2.00     4   5.1259
#         633       0.00000     10.19      2.00     5   5.1281
#         634       0.00000      3.43      2.00     5   5.1285
#         635       0.00000      1.63      2.00     4   5.1291
#         636       0.00000      1.34      2.00     3   5.1302
#         637       0.00000      2.73      2.00     3   5.1301
#         638       0.00000      0.74      2.00     3   5.1299
#         639       0.00000      2.40      2.00     4   5.1320
#         640       0.00000      1.41      2.00     4   5.1316
#         641       0.00000     16.42      1.00     6   5.1316
#         642       0.00000      0.74      2.00     4   5.1331
#         643       0.00000      2.84      2.00     4   5.1337
#         644       0.00000      3.34      2.00     5   5.1340
#         645       0.00000      9.22      1.00     4   5.1343
#         646       0.00000      4.49      2.00     4   5.1357
#         647       0.00000      0.84      2.00     4   5.1354
#         648       0.00000      2.61      2.00     4   5.1368
#         649       0.00000     17.42      2.00     5   5.1378
#         650       0.00000      1.91      2.00     3   5.1385
#         651       0.00000      0.80      2.00     3   5.1388
#         652       0.00000      1.84      2.00     4   5.1407
#         653       0.00000      1.69      2.00     4   5.1415
#         654       0.00000     17.45      2.00     4   5.1422
#         655       0.00000      0.98      2.00     5   5.1424
#         656       0.00000      1.88      2.00     4   5.1427
#         657       0.00000      1.55      1.00     4   5.1440
#         658       0.00000      3.31      2.00     4   5.1437
#         659       0.00000      1.35      2.00     3   5.1444
#         660       0.00000      4.05      2.00     4   5.1462
#         661       0.00000      2.47      2.00     4   5.1458
#         662       0.00000      3.03      2.00     4   5.1478
#         663       0.00000      2.04      2.00     4   5.1482
#         664       0.00000      1.02      2.00     3   5.1508
#         665       0.00000      2.26      2.00     4   5.1508
#         666       0.00000      1.49      2.00     3   5.1528
#         667       0.00000      0.82      2.00     4   5.1528
#         668       0.00000      1.25      2.00     4   5.1523
#         669       0.00000      1.68      2.00     3   5.1546
#         670       0.00000      2.92      2.00     4   5.1554
#         671       0.00000      0.58      2.00     4   5.1552
#         672       0.00000      2.32      2.00     4   5.1560
#         673       0.00000      2.25      2.00     3   5.1566
#         674       0.00000      1.77      2.00     5   5.1566
#         675       0.00000      1.23      1.00     4   5.1588
#         676       0.00000      1.04      2.00     3   5.1595
#         677       0.00000      1.12      2.00     4   5.1602
#         678       0.00000      0.47      2.00     4   5.1603
#         679       0.00000      0.53      2.00     5   5.1606
#         680       0.00000      1.88      2.00     4   5.1614
#         681       0.00000      5.43      2.00     4   5.1625
#         682       0.00000      5.71      1.00     4   5.1622
#         683       0.00000      2.13      1.00     4   5.1631
#         684       0.00000      1.45      2.00     5   5.1632
#         685       0.00000      0.21      1.00     4   5.1643
#         686       0.00000      3.24      2.00     5   5.1643
#         687       0.00000      1.03      2.00     4   5.1656
#         688       0.00000      0.41      2.00     5   5.1658
#         689       0.00000      2.61      2.00     4   5.1678
#         690       0.00000      1.10      2.00     5   5.1695
#         691       0.00000      1.39      2.00     4   5.1720
#         692       0.00000      0.55      2.00     3   5.1729
#         693       0.00000      2.64      2.00     4   5.1749
#         694       0.00000      1.54      2.00     5   5.1750
#         695       0.00000      0.82      2.00     4   5.1758
#         696       0.00000      1.14      2.00     5   5.1759
#         697       0.00000      2.76      2.00     5   5.1776
#         698       0.00000      0.84      2.00     4   5.1786
#         699       0.00000      1.76      2.00     5   5.1784
#         700       0.00000      1.11      2.00     5   5.1787
#         701       0.00000      1.96      2.00     4   5.1810
#         702       0.00000      0.74      2.00     4   5.1812
#         703       0.00000      1.15      2.00     4   5.1817
#         704       0.00000      0.63      2.00     4   5.1817
#         705       0.00000      1.13      2.00     4   5.1824
#         706       0.00000      0.71      2.00     4   5.1835
#         707       0.00000      1.68      2.00     3   5.1852
#         708       0.00000      0.77      2.00     3   5.1862
#         709       0.00000      0.84      2.00     4   5.1874
#         710       0.00000      1.06      2.00     4   5.1887
#         711       0.00000      1.24      2.00     4   5.1888
#         712       0.00000      0.99      2.00     4   5.1898
#         713       0.00000      1.32      2.00     4   5.1901
#         714       0.00000      0.48      2.00     5   5.1900
#         715       0.00000      0.31      2.00     4   5.1908
#         716       0.00000      0.64      2.00     3   5.1916
#         717       0.00000      3.18      2.00     5   5.1915
#         718       0.00000      0.42      2.00     4   5.1925
#         719       0.00000      1.72      2.00     5   5.1923
#         720       0.00000      2.78      2.00     4   5.1935
#         721       0.00000      6.44      2.00     4   5.1949
#         722       0.00000      1.89      2.00     4   5.1947
#         723       0.00000      0.81      2.00     3   5.1958
#         724       0.00000      2.97      2.00     4   5.1960
#         725       0.00000      1.54      2.00     4   5.1956
#         726       0.00000      2.62      2.00     4   5.1969
#         727       0.00000      1.46      1.00     2   5.1989
#         728       0.00000      2.00      2.00     4   5.1987
#         729       0.00000      1.53      2.00     4   5.1996
#         730       0.00000      0.33      2.00     4   5.1994
#         731       0.00000      1.04      2.00     5   5.2033
#         732       0.00000      2.12      2.00     5   5.2040
#         733       0.00000      0.74      2.00     4   5.2045
#         734       0.00000      3.35      2.00     4   5.2051
#         735       0.00000      2.12      2.00     4   5.2050
#         736       0.00000     14.98      1.00     6   5.2052
#         737       0.00000      1.65      2.00     4   5.2058
#         738       0.00000      2.74      1.00     6   5.2057
#         739       0.00000      0.72      2.00     3   5.2069
#         740       0.00000      2.16      2.00     4   5.2070
#         741       0.00000      0.49      2.00     3   5.2085
#         742       0.00000      0.97      2.00     3   5.2086
#         743       0.00000      1.54      2.00     4   5.2092
#         744       0.00000      1.38      2.00     4   5.2097
#         745       0.00000      1.50      2.00     5   5.2095
#         746       0.00000      1.24      2.00     4   5.2113
#         747       0.00000      1.28      2.00     5   5.2116
#         748       0.00000      2.41      2.00     5   5.2119
#         749       0.00000      1.10      2.00     3   5.2134
#         750       0.00000      0.80      2.00     4   5.2150
#         751       0.00000      1.22      2.00     5   5.2145
#         752       0.00000      2.11      2.00     4   5.2154
#         753       0.00000      0.78      2.00     4   5.2152
#         754       0.00000      0.56      1.00     6   5.2156
#         755       0.00000      1.70      2.00     4   5.2170
#         756       0.00000      1.24      2.00     4   5.2182
#         757       0.00000      1.29      2.00     4   5.2196
#         758       0.00000      1.70      2.00     5   5.2199
#         759       0.00000      1.74      2.00     5   5.2204
#         760       0.00000      0.97      2.00     5   5.2202
#         761       0.00000      2.31      2.00     4   5.2212
#         762       0.00000      4.62      2.00     4   5.2210
#         763       0.00000      3.12      1.00     6   5.2208
#         764       0.00000      1.16      2.00     4   5.2218
#         765       0.00000      6.31      2.00     5   5.2216
#         766       0.00000      6.84      2.00     4   5.2229
#         767       0.00000      0.87      2.00     4   5.2226
#         768       0.00000      2.11      2.00     4   5.2228
#         769       0.00000      2.37      1.00     6   5.2231
#         770       0.00000      1.95      2.00     4   5.2241
#         771       0.00000      1.61      2.00     4   5.2244
#         772       0.00000      1.20      1.00     6   5.2240
#         773       0.00000      3.66      2.00     4   5.2247
#         774       0.00000      7.37      2.00     4   5.2245
#         775       0.00000      3.10      2.00     5   5.2246
#         776       0.00000      1.70      2.00     5   5.2250
#         777       0.00000      0.87      2.00     3   5.2255
#         778       0.00000      2.42      1.00     4   5.2254
#         779       0.00000      1.49      2.00     5   5.2254
#         780       0.00000      6.88      1.00     2   5.2261
#         781       0.00000      0.83      2.00     4   5.2287
#         782       0.00000      7.78      2.00     5   5.2285
#         783       0.00000      1.94      2.00     4   5.2303
#         784       0.00000      2.16      2.00     5   5.2305
#         785       0.00000      2.56      2.00     3   5.2322
#         786       0.00000      2.08      2.00     4   5.2322
#         787       0.00000      2.07      2.00     4   5.2318
#         788       0.00000      0.64      2.00     4   5.2331
#         789       0.00000      0.59      2.00     4   5.2335
#         790       0.00000      1.73      2.00     5   5.2332
#         791       0.00000      3.15      2.00     3   5.2340
#         792       0.00000      0.99      2.00     3   5.2344
#         793       0.00000      1.74      2.00     4   5.2340
#         794       0.00000      0.85      2.00     4   5.2342
#         795       0.00000      1.20      2.00     4   5.2350
#         796       0.00000      1.34      2.00     5   5.2347
#         797       0.00000      0.90      1.00     4   5.2354
#         798       0.00000      2.90      2.00     3   5.2362
#         799       0.00000      1.42      1.00     2   5.2377
#         800       0.00000      1.27      2.00     3   5.2381
#         801       0.00000      5.26      1.00     6   5.2377
#         802       0.00000      0.25      2.00     3   5.2383
#         803       0.00000      1.80      2.00     5   5.2384
#         804       0.00000      2.08      2.00     3   5.2388
#         805       0.00000      0.86      2.00     4   5.2392
#         806       0.00000      3.32      2.00     5   5.2392
#         807       0.00000      2.07      2.00     4   5.2423
#         808       0.00000      1.62      2.00     5   5.2422
#         809       0.00000      3.24      1.00     6   5.2428
#         810       0.00000      0.97      2.00     4   5.2441
#         811       0.00000      1.27      2.00     5   5.2444
#         812       0.00000      0.26      2.00     5   5.2444
#         813       0.00000      1.13      2.00     5   5.2444
#         814       0.00000      1.59      2.00     3   5.2452
#         815       0.00000      1.26      2.00     4   5.2451
#         816       0.00000      1.41      1.00     2   5.2476
#         817       0.00000      2.23      2.00     4   5.2488
#         818       0.00000     12.08      2.00     5   5.2486
#         819       0.00000      1.41      1.00     2   5.2497
#         820       0.00000      5.08      2.00     4   5.2494
#         821       0.00000      0.79      2.00     4   5.2498
#         822       0.00000      1.25      2.00     5   5.2505
#         823       0.00000      1.45      2.00     5   5.2507
#         824       0.00000      5.55      1.00     6   5.2504
#         825       0.00000      0.66      2.00     3   5.2521
#         826       0.00000      1.10      2.00     5   5.2517
#         827       0.00000      2.00      2.00     4   5.2524
#         828       0.00000      1.62      2.00     4   5.2528
#         829       0.00000      5.55      2.00     5   5.2527
#         830       0.00000     13.72      2.00     3   5.2533
#         831       0.00000      2.57      2.00     5   5.2539
#         832       0.00000      1.32      2.00     4   5.2544
#         833       0.00000      0.69      2.00     3   5.2553
#         834       0.00000      6.52      2.00     4   5.2562
#         835       0.00000      0.39      1.00     6   5.2565
#         836       0.00000      1.11      2.00     4   5.2569
#         837       0.00000      1.07      2.00     5   5.2574
#         838       0.00000      2.53      2.00     3   5.2576
#         839       0.00000      1.31      1.00     4   5.2593
#         840       0.00000      0.30      2.00     4   5.2591
#         841       0.00000      2.53      2.00     5   5.2595
#         842       0.00000      1.20      2.00     3   5.2599
#         843       0.00000      0.17      1.00     4   5.2601
#         844       0.00000      1.22      2.00     4   5.2617
#         845       0.00000      2.70      2.00     3   5.2623
#         846       0.00000      2.13      2.00     4   5.2628
#         847       0.00000      1.47      2.00     5   5.2631
#         848       0.00000      0.89      2.00     4   5.2634
#         849       0.00000      2.20      2.00     5   5.2639
#         850       0.00000      1.29      2.00     4   5.2646
#         851       0.00000      1.63      2.00     4   5.2654
#         852       0.00000      1.10      2.00     5   5.2655
#         853       0.00000      2.96      2.00     5   5.2654
#         854       0.00000      1.29      2.00     4   5.2669
#         855       0.00000      2.43      2.00     5   5.2665
#         856       0.00000      0.81      2.00     5   5.2664
#         857       0.00000      7.05      2.00     5   5.2681
#         858       0.00000      3.14      1.00     4   5.2689
#         859       0.00000      0.67      2.00     3   5.2698
#         860       0.00000      1.68      2.00     5   5.2702
#         861       0.00000      4.38      2.00     5   5.2710
#         862       0.00000      1.87      2.00     5   5.2726
#         863       0.00000      1.77      2.00     5   5.2734
#         864       0.00000      1.41      2.00     5   5.2734
#         865       0.00000      2.86      2.00     3   5.2751
#         866       0.00000      2.00      2.00     4   5.2753
#         867       0.00000      1.85      2.00     5   5.2755
#         868       0.00000      0.42      2.00     4   5.2757
#         869       0.00000      3.60      1.00     6   5.2761
#         870       0.00000      2.50      2.00     4   5.2767
#         871       0.00000      6.87      2.00     5   5.2765
#         872       0.00000      0.27      2.00     5   5.2768
#         873       0.00000      0.99      2.00     3   5.2789
#         874       0.00000      0.32      2.00     4   5.2788
#         875       0.00000      0.63      2.00     4   5.2790
#         876       0.00000      0.41      2.00     4   5.2792
#         877       0.00000      1.19      2.00     4   5.2794
#         878       0.00000      7.29      1.00     4   5.2805
#         879       0.00000      1.08      2.00     5   5.2810
#         880       0.00000      1.39      1.00     4   5.2823
#         881       0.00000      1.11      2.00     5   5.2821
#         882       0.00000      1.27      2.00     5   5.2821
#         883       0.00000      1.60      2.00     4   5.2837
#         884       0.00000      3.78      2.00     5   5.2838
#         885       0.00000      1.32      1.00     4   5.2843
#         886       0.00000      2.80      2.00     4   5.2848
#         887       0.00000      1.38      1.00     2   5.2858
#         888       0.00000      0.61      2.00     3   5.2859
#         889       0.00000      0.67      2.00     3   5.2858
#         890       0.00000      3.09      2.00     4   5.2864
#         891       0.00000      1.39      2.00     5   5.2874
#         892       0.00000      0.92      2.00     4   5.2880
#         893       0.00000      0.59      2.00     4   5.2881
#         894       0.00000     12.70      2.00     5   5.2885
#         895       0.00000      1.18      2.00     4   5.2886
#         896       0.00000      1.59      2.00     5   5.2892
#         897       0.00000      0.73      2.00     4   5.2913
#         898       0.00000      5.13      2.00     4   5.2919
#         899       0.00000      1.80      2.00     5   5.2921
#         900       0.00000      6.56      1.00     2   5.2924
#         901       0.00000      5.20      2.00     5   5.2925
#         902       0.00000      0.52      2.00     3   5.2934
#         903       0.00000      1.77      2.00     4   5.2933
#         904       0.00000      6.24      2.00     5   5.2930
#         905       0.00000     14.51      2.00     3   5.2955
#         906       0.00000      0.78      2.00     4   5.2951
#         907       0.00000      2.79      2.00     4   5.2954
#         908       0.00000      0.70      2.00     4   5.2963
#         909       0.00000     10.82      2.00     5   5.2960
#         910       0.00000      6.43      2.00     4   5.2971
#         911       0.00000      0.56      2.00     4   5.2973
#         912       0.00000      0.80      2.00     4   5.2977
#         913       0.00000      8.15      1.00     4   5.2985
#         914       0.00000      2.53      2.00     3   5.2993
#         915       0.00000      0.52      2.00     4   5.2990
#         916       0.00000      5.23      2.00     4   5.2999
#         917       0.00000      3.59      2.00     5   5.2997
#         918       0.00000      1.38      2.00     4   5.3007
#         919       0.00000      0.80      1.00     4   5.3006
#         920       0.00000      3.16      2.00     5   5.3009
#         921       0.00000      6.71      1.00     2   5.3013
#         922       0.00000      1.94      2.00     4   5.3013
#         923       0.00000      4.18      2.00     5   5.3020
#         924       0.00000      0.44      2.00     3   5.3042
#         925       0.00000      1.20      2.00     5   5.3039
#         926       0.00000      0.92      2.00     4   5.3048
#         927       0.00000      0.70      2.00     3   5.3063
#         928       0.00000      2.63      2.00     4   5.3063
#         929       0.00000      1.59      2.00     4   5.3063
#         930       0.00000      6.17      2.00     5   5.3065
#         931       0.00000      0.24      2.00     5   5.3067
#         932       0.00000      4.39      2.00     5   5.3071
#         933       0.00000      2.27      2.00     4   5.3078
#         934       0.00000      1.53      2.00     5   5.3087
#         935       0.00000      1.28      1.00     6   5.3085
#         936       0.00000      1.01      2.00     5   5.3091
#         937       0.00000      1.25      2.00     5   5.3104
#         938       0.00000      0.83      2.00     3   5.3120
#         939       0.00000      0.87      2.00     4   5.3116
#         940       0.00000      1.52      1.00     4   5.3124
#         941       0.00000      0.28      2.00     4   5.3123
#         942       0.00000      0.85      2.00     4   5.3123
#         943       0.00000      1.00      2.00     4   5.3129
#         944       0.00000      2.20      2.00     3   5.3138
#         945       0.00000      1.10      2.00     3   5.3148
#         946       0.00000      1.08      2.00     3   5.3161
#         947       0.00000      0.78      2.00     4   5.3157
#         948       0.00000      4.28      2.00     5   5.3159
#         949       0.00000      1.34      2.00     4   5.3175
#         950       0.00000      1.06      2.00     4   5.3175
#         951       0.00000      0.67      2.00     4   5.3174
#         952       0.00000      1.06      2.00     5   5.3174
#         953       0.00000      0.47      2.00     4   5.3184
#         954       0.00000      1.55      2.00     5   5.3185
#         955       0.00000      0.36      2.00     4   5.3191
#         956       0.00000      1.62      2.00     4   5.3204
#         957       0.00000      4.16      2.00     4   5.3203
#         958       0.00000      0.62      2.00     4   5.3212
#         959       0.00000      9.85      1.00     6   5.3225
#         960       0.00000      0.62      2.00     4   5.3233
#         961       0.00000      1.89      2.00     4   5.3235
#         962       0.00000      0.58      2.00     4   5.3242
#         963       0.00000      1.37      1.00     4   5.3257
#         964       0.00000      2.92      1.00     4   5.3266
#         965       0.00000      1.16      2.00     3   5.3277
#         966       0.00000      1.88      2.00     4   5.3277
#         967       0.00000      1.26      2.00     4   5.3291
#         968       0.00000      4.55      1.00     6   5.3289
#         969       0.00000      0.30      2.00     4   5.3312
#         970       0.00000      0.71      2.00     4   5.3310
#         971       0.00000      0.72      2.00     4   5.3311
#         972       0.00000      2.01      2.00     5   5.3311
#         973       0.00000      1.75      2.00     4   5.3323
#         974       0.00000      1.08      2.00     4   5.3326
#         975       0.00000     15.42      2.00     6   5.3322
#         976       0.00000      1.23      2.00     4   5.3333
#         977       0.00000      1.61      2.00     4   5.3354
#         978       0.00000      2.73      2.00     3   5.3362
#         979       0.00000      0.66      2.00     4   5.3367
#         980       0.00000      1.90      2.00     4   5.3367
#         981       0.00000      2.70      2.00     4   5.3372
#         982       0.00000      8.87      2.00     5   5.3368
#         983       0.00000      4.08      2.00     5   5.3372
#         984       0.00000      1.00      2.00     5   5.3369
#         985       0.00000      0.38      2.00     5   5.3388
#         986       0.00000      0.26      2.00     5   5.3391
#         987       0.00000      1.88      2.00     3   5.3399
#         988       0.00000      5.74      2.00     4   5.3401
#         989       0.00000      1.08      1.00     4   5.3404
#         990       0.00000      1.87      2.00     5   5.3409
#         991       0.00000      1.62      2.00     5   5.3406
#         992       0.00000      0.34      2.00     3   5.3416
#         993       0.00000      1.89      2.00     3   5.3418
#         994       0.00000      5.10      2.00     4   5.3416
#         995       0.00000      6.32      2.00     4   5.3418
#         996       0.00000      1.32      2.00     4   5.3414
#         997       0.00000      0.95      2.00     5   5.3415
#         998       0.00000     10.46      1.00     6   5.3418
#         999       0.00000      1.40      2.00     3   5.3422
#        1000       0.00000      2.32      2.00     3   5.3435
#        1001       0.00000      0.65      2.00     3   5.3431
#        1002       0.00000      0.77      2.00     4   5.3436
#        1003       0.00000      5.82      2.00     4   5.3441
#        1004       0.00000      0.78      2.00     5   5.3438
#        1005       0.00000      1.98      2.00     5   5.3438
#        1006       0.00000      0.59      2.00     3   5.3450
#        1007       0.00000      0.55      2.00     4   5.3450
#        1008       0.00000      1.29      2.00     5   5.3446
#        1009       0.00000      3.27      2.00     5   5.3452
#        1010       0.00000      0.28      2.00     4   5.3457
#        1011       0.00000      2.56      2.00     3   5.3468
#        1012       0.00000      1.04      2.00     4   5.3467
#        1013       0.00000      0.64      1.00     4   5.3466
#        1014       0.00000      0.39      2.00     4   5.3464
#        1015       0.00000      4.84      2.00     5   5.3470
#        1016       0.00000      0.69      2.00     3   5.3476
#        1017       0.00000      1.58      1.00     6   5.3478
#        1018       0.00000      1.16      2.00     5   5.3484
#        1019       0.00000      0.94      2.00     5   5.3483
#        1020       0.00000      0.16      2.00     5   5.3488
#        1021       0.00000      0.36      2.00     4   5.3497
#        1022       0.00000      8.72      2.00     5   5.3495
#        1023       0.00000      2.42      2.00     5   5.3507
#        1024       0.00000      1.26      2.00     4   5.3515
#        1025       0.00000      3.00      2.00     5   5.3517
#        1026       0.00000      3.41      2.00     5   5.3519
#        1027       0.00000      1.08      1.00     4   5.3525
#        1028       0.00000      1.21      2.00     5   5.3523
#        1029       0.00000      0.95      2.00     5   5.3527
#        1030       0.00000      1.31      1.00     2   5.3540
#        1031       0.00000      0.89      2.00     4   5.3537
#        1032       0.00000      6.14      2.00     4   5.3547
#        1033       0.00000      1.18      2.00     5   5.3550
#        1034       0.00000      0.61      2.00     4   5.3568
#        1035       0.00000      0.46      2.00     5   5.3569
#        1036       0.00000      0.89      2.00     5   5.3572
#        1037       0.00000      0.72      2.00     5   5.3579
#        1038       0.00000      2.83      2.00     5   5.3582
#        1039       0.00000      1.84      2.00     3   5.3588
#        1040       0.00000      0.66      2.00     4   5.3595
#        1041       0.00000      0.32      2.00     4   5.3603
#        1042       0.00000      1.89      2.00     5   5.3602
#        1043       0.00000      0.78      1.00     4   5.3617
#        1044       0.00000      0.74      2.00     4   5.3615
#        1045       0.00000      0.98      2.00     5   5.3613
#        1046       0.00000      0.85      2.00     5   5.3626
#        1047       0.00000      2.51      2.00     3   5.3632
#        1048       0.00000      0.79      2.00     4   5.3635
#        1049       0.00000      2.35      2.00     4   5.3636
#        1050       0.00000      1.10      2.00     5   5.3635
#        1051       0.00000      0.67      2.00     4   5.3652
#        1052       0.00000      0.23      2.00     4   5.3651
#        1053       0.00000      2.80      1.00     4   5.3661
#        1054       0.00000      5.46      2.00     4   5.3669
#        1055       0.00000      1.84      2.00     4   5.3668
#        1056       0.00000      0.45      2.00     5   5.3673
#        1057       0.00000      0.41      2.00     4   5.3675
#        1058       0.00000      0.39      1.00     6   5.3678
#        1059       0.00000      1.30      1.00     2   5.3688
#        1060       0.00000      0.31      2.00     4   5.3690
#        1061       0.00000      2.45      2.00     3   5.3715
#        1062       0.00000      1.82      2.00     3   5.3713
#        1063       0.00000      2.00      2.00     4   5.3711
#        1064       0.00000      7.50      2.00     5   5.3715
#        1065       0.00000      2.49      2.00     4   5.3716
#        1066       0.00000      1.64      2.00     5   5.3723
#        1067       0.00000      0.98      2.00     5   5.3733
#        1068       0.00000      2.66      2.00     4   5.3743
#        1069       0.00000      1.38      2.00     4   5.3743
#        1070       0.00000      1.17      2.00     5   5.3746
#        1071       0.00000      1.45      2.00     4   5.3752
#        1072       0.00000      2.83      2.00     5   5.3752
#        1073       0.00000      0.35      2.00     5   5.3748
#        1074       0.00000      0.65      2.00     4   5.3755
#        1075       0.00000      0.27      2.00     4   5.3759
#        1076       0.00000      1.01      2.00     3   5.3762
#        1077       0.00000      1.67      2.00     4   5.3763
#        1078       0.00000      0.92      2.00     5   5.3765
#        1079       0.00000      2.06      2.00     5   5.3773
#        1080       0.00000      0.52      2.00     4   5.3780
#        1081       0.00000      0.47      2.00     4   5.3784
#        1082       0.00000      1.44      2.00     5   5.3784
#        1083       0.00000      3.34      2.00     4   5.3794
#        1084       0.00000      0.77      1.00     4   5.3798
#        1085       0.00000      4.95      2.00     5   5.3794
#        1086       0.00000      4.26      2.00     4   5.3806
#        1087       0.00000      0.86      2.00     4   5.3805
#        1088       0.00000      0.99      2.00     4   5.3802
#        1089       0.00000      1.86      2.00     4   5.3810
#        1090       0.00000      4.92      2.00     5   5.3810
#        1091       0.00000      7.93      2.00     5   5.3808
#        1092       0.00000      0.68      2.00     5   5.3821
#        1093       0.00000      1.05      2.00     5   5.3817
#        1094       0.00000      6.37      2.00     5   5.3819
#        1095       0.00000      2.12      2.00     6   5.3816
#        1096       0.00000      0.40      2.00     5   5.3827
#        1097       0.00000      0.29      2.00     5   5.3827
#        1098       0.00000      0.90      2.00     4   5.3839
#        1099       0.00000      0.99      2.00     5   5.3835
#        1100       0.00000      0.84      2.00     5   5.3840
#        1101       0.00000      1.54      2.00     5   5.3853
#        1102       0.00000      2.73      1.00     4   5.3865
#        1103       0.00000      0.28      2.00     4   5.3865
#        1104       0.00000     11.63      2.00     5   5.3864
#        1105       0.00000      1.67      2.00     5   5.3862
#        1106       0.00000      0.15      1.00     4   5.3874
#        1107       0.00000      1.38      2.00     5   5.3871
#        1108       0.00000      2.25      2.00     3   5.3879
#        1109       0.00000      1.86      2.00     5   5.3885
#        1110       0.00000      6.25      2.00     4   5.3906
#        1111       0.00000      1.39      1.00     4   5.3906
#        1112       0.00000      1.83      2.00     4   5.3906
#        1113       0.00000      3.68      2.00     5   5.3902
#        1114       0.00000      1.32      2.00     5   5.3904
#        1115       0.00000      0.61      2.00     3   5.3910
#        1116       0.00000      1.70      2.00     5   5.3913
#        1117       0.00000      0.95      2.00     3   5.3920
#        1118       0.00000      1.41      2.00     4   5.3918
#        1119       0.00000      2.16      2.00     3   5.3933
#        1120       0.00000      1.09      2.00     4   5.3931
#        1121       0.00000      0.55      2.00     3   5.3947
#        1122       0.00000      1.87      2.00     4   5.3943
#        1123       0.00000      4.29      2.00     5   5.3945
#        1124       0.00000      0.41      2.00     5   5.3947
#        1125       0.00000      1.56      2.00     6   5.3947
#        1126       0.00000      0.65      2.00     3   5.3950
#        1127       0.00000      0.46      2.00     4   5.3953
#        1128       0.00000      1.38      2.00     4   5.3961
#        1129       0.00000      0.97      2.00     5   5.3959
#        1130       0.00000      0.26      1.00     4   5.3970
#        1131       0.00000      0.37      2.00     4   5.3971
#        1132       0.00000     11.20      2.00     5   5.3979
#        1133       0.00000      1.44      2.00     6   5.3977
#        1134       0.00000      1.08      1.00     4   5.3992
#        1135       0.00000      0.15      1.00     4   5.3990
#        1136       0.00000      0.40      2.00     4   5.3999
#        1137       0.00000      3.63      2.00     4   5.4001
#        1138       0.00000      0.73      2.00     5   5.4011
#        1139       0.00000      1.36      2.00     4   5.4026
#        1140       0.00000      0.48      2.00     4   5.4026
#        1141       0.00000      4.26      2.00     5   5.4026
#        1142       0.00000      5.45      2.00     4   5.4033
#        1143       0.00000      1.26      1.00     2   5.4042
#        1144       0.00000      2.46      2.00     4   5.4041
#        1145       0.00000      5.34      2.00     4   5.4045
#        1146       0.00000      0.93      2.00     5   5.4045
#        1147       0.00000      1.55      2.00     5   5.4057
#        1148       0.00000      0.70      2.00     5   5.4054
#        1149       0.00000      0.21      2.00     3   5.4064
#        1150       0.00000      0.77      2.00     5   5.4081
#        1151       0.00000      2.79      2.00     3   5.4099
#        1152       0.00000      0.51      2.00     4   5.4096
#        1153       0.00000      5.05      2.00     5   5.4097
#        1154       0.00000      6.03      1.00     2   5.4112
#        1155       0.00000      2.40      2.00     3   5.4115
#        1156       0.00000      3.75      2.00     4   5.4113
#        1157       0.00000      1.23      2.00     5   5.4115
#        1158       0.00000      0.26      2.00     5   5.4111
#        1159       0.00000      0.41      2.00     5   5.4112
#        1160       0.00000      1.04      2.00     4   5.4123
#        1161       0.00000      3.58      2.00     4   5.4122
#        1162       0.00000      1.01      2.00     4   5.4131
#        1163       0.00000      0.64      2.00     4   5.4129
#        1164       0.00000      0.97      2.00     4   5.4128
#        1165       0.00000      0.62      2.00     4   5.4136
#        1166       0.00000      5.58      2.00     4   5.4135
#        1167       0.00000      0.57      2.00     4   5.4134
#        1168       0.00000      0.67      2.00     4   5.4138
#        1169       0.00000      0.88      2.00     5   5.4135
#        1170       0.00000      5.34      2.00     3   5.4147
#        1171       0.00000      3.98      1.00     6   5.4147
#        1172       0.00000      2.38      2.00     6   5.4143
#        1173       0.00000      6.01      1.00     2   5.4153
#        1174       0.00000      2.16      2.00     4   5.4154
#        1175       0.00000      0.28      2.00     5   5.4151
#        1176       0.00000      1.58      2.00     5   5.4149
#        1177       0.00000      2.50      2.00     3   5.4159
#        1178       0.00000      0.30      2.00     4   5.4159
#        1179       0.00000      2.19      2.00     6   5.4157
#        1180       0.00000      3.28      2.00     5   5.4163
#        1181       0.00000      2.24      2.00     4   5.4170
#        1182       0.00000      6.62      2.00     5   5.4173
#        1183       0.00000     12.73      2.00     3   5.4185
#        1184       0.00000      2.51      2.00     4   5.4184
#        1185       0.00000      2.56      2.00     4   5.4183
#        1186       0.00000      0.61      2.00     3   5.4189
#        1187       0.00000      0.27      2.00     4   5.4198
#        1188       0.00000      0.29      2.00     5   5.4194
#        1189       0.00000      0.93      2.00     5   5.4197
#        1190       0.00000      0.26      2.00     4   5.4213
#        1191       0.00000      0.53      2.00     4   5.4227
#        1192       0.00000      0.35      2.00     4   5.4224
#        1193       0.00000      1.44      2.00     4   5.4232
#        1194       0.00000      2.78      2.00     4   5.4248
#        1195       0.00000      2.20      2.00     4   5.4246
#        1196       0.00000      0.76      2.00     4   5.4245
#        1197       0.00000      6.15      1.00     2   5.4252
#        1198       0.00000      6.88      1.00     4   5.4257
#        1199       0.00000      0.47      2.00     4   5.4271
#        1200       0.00000      0.58      2.00     4   5.4272
#  1200/1200 paths used
#  -----------------------------------------------------------------------
#       k          chi          mag           phase @#
     0.0500   -6.371572E-01  6.421020E-01 -1.694980E+00
     0.1000   -6.355175E-01  6.399913E-01 -1.689105E+00
     0.1500   -6.305530E-01  6.337764E-01 -1.671696E+00
     0.2000   -6.253309E-01  6.275335E-01 -1.654606E+00
     0.2500   -6.164964E-01  6.174586E-01 -1.626629E+00
     0.3000   -6.070911E-01  6.073422E-01 -1.599553E+00
     0.3500   -5.938948E-01  5.939145E-01 -1.562648E+00
     0.4000   -5.799638E-01  5.805071E-01 -1.527528E+00
     0.4500   -5.624786E-01  5.646085E-01 -1.483910E+00
     0.5000   -5.444845E-01  5.489460E-01 -1.443216E+00
     0.5500   -5.237647E-01  5.319307E-01 -1.395347E+00
     0.6000   -5.032435E-01  5.155815E-01 -1.351587E+00
     0.6500   -4.812371E-01  4.992147E-01 -1.301613E+00
     0.7000   -4.604145E-01  4.841170E-01 -1.256582E+00
     0.7500   -4.393344E-01  4.705610E-01 -1.204443E+00
     0.8000   -4.199148E-01  4.586250E-01 -1.156986E+00
     0.8500   -4.001302E-01  4.489692E-01 -1.100027E+00
     0.9000   -3.823224E-01  4.415486E-01 -1.046881E+00
     0.9500   -3.623790E-01  4.361635E-01 -9.806030E-01
     1.0000   -3.434123E-01  4.330632E-01 -9.156918E-01
     1.0500   -3.195222E-01  4.310691E-01 -8.349040E-01
     1.1000   -2.946025E-01  4.307622E-01 -7.531084E-01
     1.1500   -2.618421E-01  4.296678E-01 -6.553111E-01
     1.2000   -2.264189E-01  4.294713E-01 -5.553065E-01
     1.2500   -1.821497E-01  4.274667E-01 -4.401934E-01
     1.3000   -1.349565E-01  4.255432E-01 -3.227116E-01
     1.3500   -8.041287E-02  4.209562E-01 -1.922056E-01
     1.4000   -2.487624E-02  4.158732E-01 -5.985261E-02
     1.4500    3.395128E-02  4.078503E-01  8.334090E-02
     1.5000    9.002467E-02  3.990375E-01  2.275635E-01
     1.5500    1.438353E-01  3.874055E-01  3.803855E-01
     1.6000    1.906094E-01  3.749541E-01  5.332723E-01
     1.6500    2.299757E-01  3.600642E-01  6.928175E-01
     1.7000    2.591145E-01  3.445124E-01  8.512721E-01
     1.7500    2.777425E-01  3.271607E-01  1.013991E+00
     1.8000    2.854366E-01  3.094637E-01  1.174143E+00
     1.8500    2.827265E-01  2.907070E-01  1.335941E+00
     1.9000    2.712370E-01  2.720569E-01  1.493141E+00
     1.9500    2.524799E-01  2.533467E-01  1.653538E+00
     2.0000    2.287594E-01  2.352712E-01  1.806622E+00
     2.0500    1.991739E-01  2.138542E-01  1.943479E+00
     2.1000    1.710425E-01  1.947086E-01  2.068976E+00
     2.1500    1.456362E-01  1.779775E-01  2.183172E+00
     2.2000    1.235431E-01  1.637349E-01  2.286653E+00
     2.2500    1.077704E-01  1.542646E-01  2.368143E+00
     2.3000    9.453137E-02  1.476556E-01  2.446814E+00
     2.3500    8.270065E-02  1.434932E-01  2.527352E+00
     2.4000    7.118646E-02  1.412886E-01  2.613557E+00
     2.4500    5.928328E-02  1.424639E-01  2.712409E+00
     2.5000    4.502356E-02  1.446737E-01  2.825129E+00
     2.5500    2.786972E-02  1.473197E-01  2.951267E+00
     2.6000    7.834458E-03  1.499449E-01  3.089320E+00
     2.6500   -1.685420E-02  1.531729E-01  3.251850E+00
     2.7000   -4.335733E-02  1.555300E-01  3.424107E+00
     2.7500   -6.992813E-02  1.568504E-01  3.603690E+00
     2.8000   -9.468955E-02  1.570794E-01  3.788615E+00
     2.8500   -1.163032E-01  1.556495E-01  3.985449E+00
     2.9000   -1.320488E-01  1.529937E-01  4.182967E+00
     2.9500   -1.411253E-01  1.493014E-01  4.379914E+00
     3.0000   -1.434343E-01  1.447943E-01  4.575224E+00
     3.0500   -1.416033E-01  1.418402E-01  4.770192E+00
     3.1000   -1.341624E-01  1.385521E-01  4.964781E+00
     3.1500   -1.217509E-01  1.349854E-01  5.158907E+00
     3.2000   -1.052143E-01  1.311899E-01  5.352549E+00
     3.2500   -8.534255E-02  1.278489E-01  5.552304E+00
     3.3000   -6.297388E-02  1.243550E-01  5.752176E+00
     3.3500   -3.924832E-02  1.207490E-01  5.952131E+00
     3.4000   -1.527293E-02  1.170603E-01  6.152342E+00
     3.4500    8.121288E-03  1.128707E-01  6.355200E+00
     3.5000    2.950076E-02  1.085943E-01  6.558303E+00
     3.5500    4.799859E-02  1.042308E-01  6.761747E+00
     3.6000    6.292118E-02  9.977092E-02  6.965584E+00
     3.6500    7.395056E-02  9.551601E-02  7.168670E+00
     3.7000    8.077329E-02  9.118176E-02  7.371506E+00
     3.7500    8.339431E-02  8.677840E-02  7.573792E+00
     3.8000    8.207026E-02  8.232528E-02  7.775251E+00
     3.8500    7.758376E-02  7.817675E-02  7.977228E+00
     3.9000    7.015643E-02  7.400384E-02  8.177852E+00
     3.9500    6.050287E-02  6.982323E-02  8.376601E+00
     4.0000    4.941124E-02  6.565833E-02  8.572851E+00
     4.0500    3.762259E-02  6.175258E-02  8.769667E+00
     4.1000    2.579142E-02  5.790821E-02  8.963174E+00
     4.1500    1.456278E-02  5.416313E-02  9.152559E+00
     4.2000    4.434499E-03  5.056136E-02  9.336960E+00
     4.2500   -4.449159E-03  4.724036E-02  9.519099E+00
     4.3000   -1.179068E-02  4.412626E-02  9.695268E+00
     4.3500   -1.759246E-02  4.126999E-02  9.865151E+00
     4.4000   -2.199237E-02  3.871676E-02  1.002889E+01
     4.4500   -2.527039E-02  3.652702E-02  1.018879E+01
     4.5000   -2.758277E-02  3.468166E-02  1.034430E+01
     4.5500   -2.915349E-02  3.318604E-02  1.049746E+01
     4.6000   -3.013804E-02  3.202208E-02  1.065084E+01
     4.6500   -3.064075E-02  3.118542E-02  1.080840E+01
     4.7000   -3.057114E-02  3.058048E-02  1.097086E+01
     4.7500   -2.982836E-02  3.014265E-02  1.114011E+01
     4.8000   -2.827114E-02  2.980047E-02  1.131733E+01
     4.8500   -2.579001E-02  2.950489E-02  1.150281E+01
     4.9000   -2.231041E-02  2.918445E-02  1.169616E+01
     4.9500   -1.786357E-02  2.878998E-02  1.189702E+01
     5.0000   -1.259801E-02  2.828239E-02  1.210471E+01
     5.0500   -6.813545E-03  2.766873E-02  1.231756E+01
     5.1000   -8.355759E-04  2.690457E-02  1.253531E+01
     5.1500    4.924758E-03  2.597897E-02  1.275709E+01
     5.2000    1.004886E-02  2.488886E-02  1.298198E+01
     5.2500    1.413720E-02  2.367898E-02  1.320617E+01
     5.3000    1.699148E-02  2.232464E-02  1.343139E+01
     5.3500    1.847928E-02  2.083665E-02  1.365688E+01
     5.4000    1.860575E-02  1.923168E-02  1.388134E+01
     5.4500    1.755973E-02  1.757342E-02  1.409769E+01
     5.5000    1.563047E-02  1.585906E-02  1.430716E+01
     5.5500    1.317000E-02  1.412110E-02  1.450628E+01
     5.6000    1.055085E-02  1.239867E-02  1.469014E+01
     5.6500    8.191952E-03  1.079211E-02  1.484608E+01
     5.7000    6.292317E-03  9.336817E-03  1.496845E+01
     5.7500    4.991795E-03  8.134044E-03  1.504724E+01
     5.8000    4.297717E-03  7.306456E-03  1.507912E+01
     5.8500    4.145459E-03  7.041289E-03  1.507847E+01
     5.9000    4.230871E-03  7.281292E-03  1.508793E+01
     5.9500    4.269411E-03  7.923182E-03  1.513889E+01
     6.0000    3.976147E-03  8.816621E-03  1.524010E+01
     6.0500    3.029979E-03  9.927840E-03  1.539781E+01
     6.1000    1.316169E-03  1.105351E-02  1.558861E+01
     6.1500   -1.151717E-03  1.213221E-02  1.580304E+01
     6.2000   -4.209053E-03  1.312331E-02  1.603446E+01
     6.2500   -7.559239E-03  1.399938E-02  1.627836E+01
     6.3000   -1.081533E-02  1.474178E-02  1.653164E+01
     6.3500   -1.355771E-02  1.533804E-02  1.679216E+01
     6.4000   -1.539874E-02  1.578036E-02  1.705839E+01
     6.4500   -1.604431E-02  1.606478E-02  1.732924E+01
     6.5000   -1.534225E-02  1.619059E-02  1.760391E+01
     6.5500   -1.321821E-02  1.618403E-02  1.789381E+01
     6.6000   -9.865750E-03  1.602338E-02  1.818627E+01
     6.6500   -5.664092E-03  1.571685E-02  1.848088E+01
     6.7000   -1.102724E-03  1.527480E-02  1.877730E+01
     6.7500    3.291848E-03  1.470933E-02  1.907526E+01
     6.8000    7.033528E-03  1.403401E-02  1.937451E+01
     6.8500    9.745320E-03  1.326354E-02  1.967485E+01
     6.9000    1.120821E-02  1.241337E-02  1.997606E+01
     6.9500    1.138305E-02  1.149944E-02  2.027796E+01
     7.0000    1.040319E-02  1.053778E-02  2.058034E+01
     7.0500    8.498524E-03  9.523727E-03  2.088862E+01
     7.1000    6.060493E-03  8.492918E-03  2.119653E+01
     7.1500    3.493790E-03  7.460341E-03  2.150377E+01
     7.2000    1.161046E-03  6.439995E-03  2.180987E+01
     7.2500   -6.683140E-04  5.444714E-03  2.211420E+01
     7.3000   -1.848039E-03  4.486047E-03  2.241574E+01
     7.3500   -2.360939E-03  3.574195E-03  2.271270E+01
     7.4000   -2.302303E-03  2.718062E-03  2.300154E+01
     7.4500   -1.846323E-03  1.925600E-03  2.327400E+01
     7.5000   -1.203391E-03  1.205329E-03  2.350523E+01
     7.5500   -5.589266E-04  5.589781E-04  2.354837E+01
     7.6000   -1.027645E-04  2.878497E-04  2.235621E+01
     7.6500    6.508861E-05  7.071114E-04  2.189897E+01
     7.7000   -7.743600E-05  1.152700E-03  2.205838E+01
     7.7500   -4.811558E-04  1.539242E-03  2.230907E+01
     7.8000   -1.044488E-03  1.860283E-03  2.258731E+01
     7.8500   -1.639375E-03  2.116824E-03  2.287699E+01
     7.9000   -2.138641E-03  2.311983E-03  2.317225E+01
     7.9500   -2.439651E-03  2.449904E-03  2.347043E+01
     8.0000   -2.480578E-03  2.535353E-03  2.377019E+01
     8.0500   -2.270910E-03  2.606248E-03  2.407483E+01
     8.1000   -1.800897E-03  2.634616E-03  2.438012E+01
     8.1500   -1.133829E-03  2.624884E-03  2.468608E+01
     8.2000   -3.598810E-04  2.581419E-03  2.499287E+01
     8.2500    4.195732E-04  2.508442E-03  2.530080E+01
     8.3000    1.107634E-03  2.409965E-03  2.561029E+01
     8.3500    1.625294E-03  2.289760E-03  2.592197E+01
     8.4000    1.921080E-03  2.151353E-03  2.623663E+01
     8.4500    1.976149E-03  1.998050E-03  2.655534E+01
     8.5000    1.804684E-03  1.833001E-03  2.687954E+01
     8.5500    1.451301E-03  1.665934E-03  2.721677E+01
     8.6000    9.708805E-04  1.489805E-03  2.756453E+01
     8.6500    4.449056E-04  1.308551E-03  2.792742E+01
     8.7000   -4.316503E-05  1.127016E-03  2.831264E+01
     8.7500   -4.203543E-04  9.517954E-04  2.873176E+01
     8.8000   -6.347427E-04  7.928394E-04  2.920262E+01
     8.8500   -6.627166E-04  6.658811E-04  2.974760E+01
     8.9000   -5.118842E-04  5.930277E-04  3.037441E+01
     8.9500   -2.192431E-04  5.924997E-04  3.103688E+01
     9.0000    1.551484E-04  6.599711E-04  3.165323E+01
     9.0500    5.515183E-04  7.827524E-04  3.219777E+01
     9.1000    8.831376E-04  9.299552E-04  3.266806E+01
     9.1500    1.080301E-03  1.085927E-03  3.308855E+01
     9.2000    1.095118E-03  1.241332E-03  3.347698E+01
     9.2500    9.095823E-04  1.390316E-03  3.384436E+01
     9.3000    5.387534E-04  1.528897E-03  3.419741E+01
     9.3500    2.852158E-05  1.654163E-03  3.454028E+01
     9.4000   -5.516652E-04  1.763888E-03  3.487561E+01
     9.4500   -1.119891E-03  1.856336E-03  3.520513E+01
     9.5000   -1.594814E-03  1.930170E-03  3.552995E+01
     9.5500   -1.921321E-03  1.994947E-03  3.585579E+01
     9.6000   -2.035855E-03  2.038346E-03  3.617775E+01
     9.6500   -1.922277E-03  2.060056E-03  3.649612E+01
     9.7000   -1.598448E-03  2.060142E-03  3.681098E+01
     9.7500   -1.112027E-03  2.039038E-03  3.712228E+01
     9.8000   -5.314617E-04  1.997533E-03  3.742981E+01
     9.8500    6.600944E-05  1.936766E-03  3.773320E+01
     9.9000    6.070686E-04  1.858215E-03  3.803192E+01
     9.9500    1.033470E-03  1.763682E-03  3.832519E+01
    10.0000    1.309766E-03  1.655298E-03  3.861197E+01
    10.0500    1.429146E-03  1.534582E-03  3.889706E+01
    10.1000    1.397921E-03  1.404726E-03  3.917143E+01
    10.1500    1.253039E-03  1.269663E-03  3.943190E+01
    10.2000    1.042643E-03  1.134069E-03  3.967420E+01
    10.2500    8.150760E-04  1.003552E-03  3.989281E+01
    10.3000    6.090984E-04  8.848305E-04  4.008145E+01
    10.3500    4.472884E-04  7.856535E-04  4.023503E+01
    10.4000    3.338231E-04  7.138677E-04  4.035410E+01
    10.4500    2.567792E-04  6.749459E-04  4.045043E+01
    10.5000    1.940686E-04  6.687574E-04  4.054628E+01
    10.5500    1.213318E-04  6.886128E-04  4.066358E+01
    10.6000    1.974942E-05  7.240678E-04  4.081343E+01
    10.6500   -1.181496E-04  7.647039E-04  4.099583E+01
    10.7000   -2.860278E-04  8.021483E-04  4.120531E+01
    10.7500   -4.651061E-04  8.303798E-04  4.143523E+01
    10.8000   -6.288792E-04  8.453494E-04  4.167963E+01
    10.8500   -7.498997E-04  8.445271E-04  4.193358E+01
    10.9000   -8.068801E-04  8.265568E-04  4.219287E+01
    10.9500   -7.903285E-04  7.910301E-04  4.245362E+01
    11.0000   -7.053335E-04  7.383601E-04  4.271172E+01
    11.0500   -5.722803E-04  6.725561E-04  4.296459E+01
    11.1000   -4.171207E-04  5.932272E-04  4.320250E+01
    11.1500   -2.715493E-04  5.036177E-04  4.341281E+01
    11.2000   -1.634280E-04  4.091852E-04  4.357144E+01
    11.2500   -1.103897E-04  3.205199E-04  4.363069E+01
    11.3000   -1.156825E-04  2.600153E-04  4.352123E+01
    11.3500   -1.672086E-04  2.609997E-04  4.328696E+01
    11.4000   -2.400227E-04  3.283225E-04  4.316243E+01
    11.4500   -3.017838E-04  4.327704E-04  4.321063E+01
    11.5000   -3.199819E-04  5.516426E-04  4.336350E+01
    11.5500   -2.693399E-04  6.736319E-04  4.357096E+01
    11.6000   -1.377239E-04  7.926436E-04  4.380766E+01
    11.6500    7.076963E-05  9.048338E-04  4.406059E+01
    11.7000    3.362228E-04  1.007551E-03  4.432253E+01
    11.7500    6.266430E-04  1.098966E-03  4.458906E+01
    11.8000    9.040994E-04  1.177943E-03  4.485727E+01
    11.8500    1.131764E-03  1.243998E-03  4.512505E+01
    11.9000    1.280235E-03  1.297275E-03  4.539083E+01
    11.9500    1.331796E-03  1.338521E-03  4.565338E+01
    12.0000    1.281909E-03  1.369029E-03  4.591177E+01
    12.0500    1.141248E-03  1.396254E-03  4.616707E+01
    12.1000    9.221628E-04  1.419281E-03  4.641665E+01
    12.1500    6.430287E-04  1.440234E-03  4.666107E+01
    12.2000    3.226417E-04  1.460954E-03  4.690121E+01
    12.2500   -2.119760E-05  1.482819E-03  4.713819E+01
    12.3000   -3.717174E-04  1.506638E-03  4.737318E+01
    12.3500   -7.124096E-04  1.532638E-03  4.760733E+01
    12.4000   -1.026251E-03  1.560555E-03  4.784154E+01
    12.4500   -1.295558E-03  1.589786E-03  4.807649E+01
    12.5000   -1.502749E-03  1.619569E-03  4.831255E+01
    12.5500   -1.631884E-03  1.649148E-03  4.854986E+01
    12.6000   -1.670528E-03  1.677895E-03  4.878843E+01
    12.6500   -1.611410E-03  1.705362E-03  4.902817E+01
    12.7000   -1.453511E-03  1.731281E-03  4.926901E+01
    12.7500   -1.202427E-03  1.755501E-03  4.951095E+01
    12.8000   -8.701549E-04  1.777905E-03  4.975405E+01
    12.8500   -4.745084E-04  1.798306E-03  4.999846E+01
    12.9000   -3.836166E-05  1.816377E-03  5.024436E+01
    12.9500    4.112713E-04  1.831602E-03  5.049196E+01
    13.0000    8.444797E-04  1.843277E-03  5.074138E+01
    13.0500    1.241866E-03  1.863213E-03  5.099501E+01
    13.1000    1.564519E-03  1.878824E-03  5.124947E+01
    13.1500    1.786800E-03  1.889818E-03  5.150457E+01
    13.2000    1.890505E-03  1.895996E-03  5.176015E+01
    13.2500    1.866648E-03  1.897232E-03  5.201608E+01
    13.3000    1.716332E-03  1.893447E-03  5.227225E+01
    13.3500    1.450657E-03  1.884565E-03  5.252861E+01
    13.4000    1.089774E-03  1.870487E-03  5.278513E+01
    13.4500    6.612166E-04  1.851055E-03  5.304180E+01
    13.5000    1.977074E-04  1.826034E-03  5.329859E+01
    13.5500   -2.654278E-04  1.795100E-03  5.355548E+01
    13.6000   -6.931066E-04  1.757849E-03  5.381237E+01
    13.6500   -1.053485E-03  1.713829E-03  5.406908E+01
    13.7000   -1.320934E-03  1.662585E-03  5.432527E+01
    13.7500   -1.478734E-03  1.603729E-03  5.458044E+01
    13.8000   -1.521110E-03  1.537023E-03  5.483385E+01
    13.8500   -1.454179E-03  1.462475E-03  5.508443E+01
    13.9000   -1.295395E-03  1.380444E-03  5.533073E+01
    13.9500   -1.071303E-03  1.291764E-03  5.557075E+01
    14.0000   -8.137185E-04  1.197879E-03  5.580186E+01
    14.0500   -5.408763E-04  1.097463E-03  5.603331E+01
    14.1000   -2.932523E-04  9.948022E-04  5.624944E+01
    14.1500   -9.310757E-05  8.943012E-04  5.644437E+01
    14.2000    5.037355E-05  8.018088E-04  5.661153E+01
    14.2500    1.417976E-04  7.245847E-04  5.674563E+01
    14.3000    1.970823E-04  6.704976E-04  5.684701E+01
    14.3500    2.384307E-04  6.458063E-04  5.692681E+01
    14.4000    2.880980E-04  6.521199E-04  5.700626E+01
    14.4500    3.625707E-04  6.852052E-04  5.710626E+01
    14.5000    4.685615E-04  7.371729E-04  5.723748E+01
    14.5500    6.016159E-04  7.997933E-04  5.740008E+01
    14.6000    7.473457E-04  8.664203E-04  5.758899E+01
    14.6500    8.846428E-04  9.323657E-04  5.779813E+01
    14.7000    9.898734E-04  9.945635E-04  5.802231E+01
    14.7500    1.041074E-03  1.051088E-03  5.825761E+01
    14.8000    1.021468E-03  1.100724E-03  5.850126E+01
    14.8500    9.220026E-04  1.142644E-03  5.875137E+01
    14.9000    7.428729E-04  1.176171E-03  5.900664E+01
    14.9500    4.940780E-04  1.200644E-03  5.926615E+01
    15.0000    1.949581E-04  1.215367E-03  5.952915E+01
    15.0500   -1.339389E-04  1.222957E-03  5.980000E+01
    15.1000   -4.555343E-04  1.217462E-03  6.007376E+01
    15.1500   -7.339535E-04  1.198549E-03  6.034931E+01
    15.2000   -9.385461E-04  1.166221E-03  6.062556E+01
    15.2500   -1.049064E-03  1.120810E-03  6.090131E+01
    15.3000   -1.059048E-03  1.062960E-03  6.117524E+01
    15.3500   -9.767441E-04  9.936306E-04  6.144568E+01
    15.4000   -8.233374E-04  9.140982E-04  6.171045E+01
    15.4500   -6.288727E-04  8.259933E-04  6.196646E+01
    15.5000   -4.266429E-04  7.313895E-04  6.220903E+01
    15.5500   -2.471470E-04  6.330145E-04  6.243076E+01
    15.6000   -1.127677E-04  5.347205E-04  6.261937E+01
    15.6500   -3.415321E-05  4.425050E-04  6.275459E+01
    15.7000   -8.929624E-06  3.664197E-04  6.280748E+01
    15.7500   -2.290587E-05  3.220976E-04  6.276068E+01
    15.8000   -5.345847E-05  3.244412E-04  6.266633E+01
    15.8500   -7.439364E-05  3.720427E-04  6.263054E+01
    15.9000   -6.134919E-05  4.489562E-04  6.269478E+01
    15.9500    3.248362E-06  5.403689E-04  6.283786E+01
    16.0000    1.265202E-04  6.373409E-04  6.303169E+01
    16.0500    3.110628E-04  7.403873E-04  6.326545E+01
    16.1000    5.384320E-04  8.445277E-04  6.352317E+01
    16.1500    7.790234E-04  9.471077E-04  6.379770E+01
    16.2000    9.935589E-04  1.046074E-03  6.408444E+01
    16.2500    1.139466E-03  1.139748E-03  6.438042E+01
    16.3000    1.178611E-03  1.226714E-03  6.468362E+01
    16.3500    1.085014E-03  1.305768E-03  6.499265E+01
    16.4000    8.510739E-04  1.375900E-03  6.530654E+01
    16.4500    4.909738E-04  1.436281E-03  6.562457E+01
    16.5000    4.043000E-05  1.486267E-03  6.594624E+01
    16.5500   -4.474465E-04  1.525403E-03  6.627115E+01
    16.6000   -9.096463E-04  1.553424E-03  6.659904E+01
    16.6500   -1.282936E-03  1.570254E-03  6.692968E+01
    16.7000   -1.514057E-03  1.576006E-03  6.726293E+01
    16.7500   -1.568645E-03  1.570974E-03  6.759870E+01
    16.8000   -1.437224E-03  1.555626E-03  6.793692E+01
    16.8500   -1.137173E-03  1.530592E-03  6.827755E+01
    16.9000   -7.102235E-04  1.496644E-03  6.862059E+01
    16.9500   -2.159309E-04  1.454685E-03  6.896605E+01
    17.0000    2.777697E-04  1.405720E-03  6.931395E+01
    17.0500    7.236661E-04  1.370019E-03  6.967154E+01
    17.1000    1.052333E-03  1.329520E-03  7.002832E+01
    17.1500    1.226516E-03  1.284536E-03  7.038413E+01
    17.2000    1.233686E-03  1.235417E-03  7.073879E+01
    17.2500    1.086306E-03  1.182553E-03  7.109208E+01
    17.3000    8.180416E-04  1.126366E-03  7.144376E+01
    17.3500    4.767915E-04  1.067312E-03  7.179353E+01
    17.4000    1.159811E-04  1.005874E-03  7.214107E+01
    17.4500   -2.142655E-04  9.425561E-04  7.248596E+01
    17.5000   -4.745318E-04  8.778862E-04  7.282771E+01
    17.5500   -6.409393E-04  8.124075E-04  7.316571E+01
    17.6000   -7.068187E-04  7.466786E-04  7.349921E+01
    17.6500   -6.812730E-04  6.812730E-04  7.382724E+01
    17.7000   -5.852500E-04  6.167815E-04  7.414856E+01
    17.7500   -4.461435E-04  5.538188E-04  7.446158E+01
    17.8000   -2.920963E-04  4.930375E-04  7.476414E+01
    17.8500   -1.470929E-04  4.351515E-04  7.505340E+01
    17.9000   -2.764056E-05  3.809746E-04  7.532561E+01
    17.9500    5.858018E-05  3.314777E-04  7.557588E+01
    18.0000    1.121490E-04  2.878575E-04  7.579842E+01
    18.0500    1.258272E-04  2.486603E-04  7.592879E+01
    18.1000    1.276490E-04  2.242412E-04  7.600382E+01
    18.1500    1.320494E-04  2.179636E-04  7.604904E+01
    18.2000    1.499145E-04  2.293625E-04  7.611057E+01
    18.2500    1.861668E-04  2.540407E-04  7.622068E+01
    18.3000    2.388343E-04  2.866125E-04  7.638327E+01
    18.3500    2.996648E-04  3.228384E-04  7.658782E+01
    18.4000    3.560439E-04  3.599126E-04  7.682227E+01
    18.4500    3.937524E-04  3.960682E-04  7.707721E+01
    18.5000    3.999739E-04  4.301916E-04  7.734606E+01
    18.5500    3.659679E-04  4.615729E-04  7.762431E+01
    18.6000    2.889259E-04  4.897602E-04  7.790884E+01
    18.6500    1.727170E-04  5.144762E-04  7.819745E+01
    18.7000    2.744517E-05  5.355687E-04  7.848855E+01
    18.7500   -1.320409E-04  5.529812E-04  7.878093E+01
    18.8000   -2.883738E-04  5.667349E-04  7.907365E+01
    18.8500   -4.242162E-04  5.769160E-04  7.936595E+01
    18.9000   -5.246946E-04  5.836688E-04  7.965720E+01
    18.9500   -5.793342E-04  5.871899E-04  7.994685E+01
    19.0000   -5.832262E-04  5.877239E-04  8.023441E+01
    19.0500   -5.342499E-04  5.805207E-04  8.051258E+01
    19.1000   -4.442084E-04  5.704831E-04  8.078889E+01
    19.1500   -3.235092E-04  5.579410E-04  8.106289E+01
    19.2000   -1.848749E-04  5.432455E-04  8.133416E+01
    19.2500   -4.162789E-05  5.267586E-04  8.160230E+01
    19.3000    9.388134E-05  5.088422E-04  8.186697E+01
    19.3500    2.114971E-04  4.898480E-04  8.212785E+01
    19.4000    3.040159E-04  4.701082E-04  8.238465E+01
    19.4500    3.674598E-04  4.499268E-04  8.263710E+01
    19.5000    4.009258E-04  4.295743E-04  8.288493E+01
    19.5500    4.061259E-04  4.092843E-04  8.312789E+01
    19.6000    3.867509E-04  3.892549E-04  8.336569E+01
    19.6500    3.477778E-04  3.696551E-04  8.359797E+01
    19.7000    2.948102E-04  3.506369E-04  8.382427E+01
    19.7500    2.335004E-04  3.323531E-04  8.404400E+01
    19.8000    1.690663E-04  3.149819E-04  8.425642E+01
    19.8500    1.059029E-04  2.987538E-04  8.446064E+01
    19.9000    4.728073E-05  2.839812E-04  8.465573E+01
    19.9500   -4.855362E-06  2.710806E-04  8.484091E+01
    20.0000   -4.996185E-05  2.605791E-04  8.501593E+01
