    7440.438     -6.087   0.050 -3.80121E-02  3.86636E-01 -6.37157E-01
    7440.466     -6.059   0.100 -3.55285E-02  3.88483E-01 -6.35518E-01
    7440.514     -6.011   0.150 -2.80862E-02  3.93984E-01 -6.30553E-01
    7440.581     -5.944   0.200 -2.04494E-02  3.99485E-01 -6.25331E-01
    7440.666     -5.859   0.250 -7.52394E-03  4.08662E-01 -6.16496E-01
    7440.771     -5.754   0.300  5.85151E-03  4.17839E-01 -6.07091E-01
    7440.895     -5.630   0.350  2.45464E-02  4.30497E-01 -5.93895E-01
    7441.038     -5.487   0.400  4.38769E-02  4.43154E-01 -5.79964E-01
    7441.200     -5.325   0.450  6.81717E-02  4.58862E-01 -5.62479E-01
    7441.381     -5.144   0.500  9.30378E-02  4.74569E-01 -5.44485E-01
    7441.581     -4.944   0.550  1.21674E-01  4.92493E-01 -5.23765E-01
    7441.800     -4.725   0.600  1.50470E-01  5.10416E-01 -5.03243E-01
    7442.038     -4.487   0.650  1.81299E-01  5.29474E-01 -4.81237E-01
    7442.295     -4.230   0.700  2.11624E-01  5.48532E-01 -4.60414E-01
    7442.571     -3.954   0.750  2.42226E-01  5.67724E-01 -4.39334E-01
    7442.867     -3.658   0.800  2.71967E-01  5.86917E-01 -4.19915E-01
    7443.181     -3.344   0.850  3.01485E-01  6.05540E-01 -4.00130E-01
    7443.514     -3.011   0.900  3.29872E-01  6.24163E-01 -3.82322E-01
    7443.867     -2.658   0.950  3.59123E-01  6.41839E-01 -3.62379E-01
    7444.238     -2.287   1.000  3.88017E-01  6.59515E-01 -3.43412E-01
    7444.629     -1.896   1.050  4.20076E-01  6.76150E-01 -3.19522E-01
    7445.038     -1.487   1.100  4.53489E-01  6.92785E-01 -2.94602E-01
    7445.467     -1.058   1.150  4.92806E-01  7.08392E-01 -2.61842E-01
    7445.915     -0.610   1.200  5.35071E-01  7.24000E-01 -2.26419E-01
    7446.381     -0.144   1.250  5.84612E-01  7.38625E-01 -1.82150E-01
    7446.867      0.342   1.300  6.37642E-01  7.53250E-01 -1.34957E-01
    7447.372      0.847   1.350  6.97124E-01  7.66889E-01 -8.04129E-02
    7447.896      1.371   1.400  7.58674E-01  7.80529E-01 -2.48762E-02
    7448.439      1.914   1.450  8.23375E-01  7.93189E-01  3.39513E-02
    7449.001      2.476   1.500  8.86838E-01  8.05849E-01  9.00247E-02
    7449.582      3.057   1.550  9.48251E-01  8.17439E-01  1.43835E-01
    7450.182      3.657   1.600  1.00425E+00  8.29028E-01  1.90609E-01
    7450.801      4.276   1.650  1.05289E+00  8.39459E-01  2.29976E-01
    7451.439      4.914   1.700  1.09263E+00  8.49889E-01  2.59114E-01
    7452.096      5.571   1.750  1.12120E+00  8.59004E-01  2.77742E-01
    7452.773      6.248   1.800  1.13965E+00  8.68120E-01  2.85437E-01
    7453.468      6.943   1.850  1.14621E+00  8.75782E-01  2.82727E-01
    7454.182      7.657   1.900  1.14431E+00  8.83444E-01  2.71237E-01
    7454.916      8.391   1.950  1.13129E+00  8.88051E-01  2.52480E-01
    7455.668      9.143   2.000  1.11343E+00  8.92658E-01  2.28759E-01
    7456.440      9.915   2.050  1.08437E+00  8.91743E-01  1.99174E-01
    7457.230     10.705   2.100  1.05660E+00  8.90829E-01  1.71042E-01
    7458.040     11.515   2.150  1.03136E+00  8.89914E-01  1.45636E-01
    7458.869     12.344   2.200  1.00924E+00  8.89000E-01  1.23543E-01
    7459.716     13.191   2.250  9.95641E-01  8.90181E-01  1.07770E-01
    7460.583     14.058   2.300  9.84369E-01  8.91362E-01  9.45314E-02
    7461.469     14.944   2.350  9.74350E-01  8.92543E-01  8.27006E-02
    7462.374     15.849   2.400  9.64519E-01  8.93724E-01  7.11865E-02
    7463.298     16.773   2.450  9.56783E-01  8.97583E-01  5.92833E-02
    7464.241     17.716   2.500  9.46586E-01  9.01441E-01  4.50236E-02
    7465.203     18.678   2.550  9.33359E-01  9.05300E-01  2.78697E-02
    7466.184     19.659   2.600  9.17078E-01  9.09159E-01  7.83446E-03
    7467.184     20.659   2.650  8.97698E-01  9.14807E-01 -1.68542E-02
    7468.203     21.678   2.700  8.76259E-01  9.20456E-01 -4.33573E-02
    7469.241     22.716   2.750  8.54526E-01  9.26105E-01 -6.99281E-02
    7470.299     23.774   2.800  8.34426E-01  9.31754E-01 -9.46896E-02
    7471.375     24.850   2.850  8.18642E-01  9.38564E-01 -1.16303E-01
    7472.470     25.945   2.900  8.08787E-01  9.45375E-01 -1.32049E-01
    7473.585     27.060   2.950  8.05748E-01  9.52185E-01 -1.41125E-01
    7474.718     28.193   3.000  8.09695E-01  9.58996E-01 -1.43434E-01
    7475.871     29.346   3.050  8.14452E-01  9.61598E-01 -1.41603E-01
    7477.042     30.517   3.100  8.25022E-01  9.64200E-01 -1.34162E-01
    7478.233     31.708   3.150  8.40713E-01  9.66802E-01 -1.21751E-01
    7479.443     32.917   3.200  8.60626E-01  9.69404E-01 -1.05214E-01
    7480.671     34.146   3.250  8.80969E-01  9.68838E-01 -8.53425E-02
    7481.919     35.394   3.300  9.03702E-01  9.68273E-01 -6.29739E-02
    7483.186     36.661   3.350  9.27631E-01  9.67707E-01 -3.92483E-02
    7484.472     37.947   3.400  9.51611E-01  9.67141E-01 -1.52729E-02
    7485.777     39.252   3.450  9.73563E-01  9.65336E-01  8.12129E-03
    7487.101     40.576   3.500  9.93303E-01  9.63530E-01  2.95008E-02
    7488.444     41.919   3.550  1.00998E+00  9.61725E-01  4.79986E-02
    7489.806     43.281   3.600  1.02294E+00  9.59919E-01  6.29212E-02
    7491.187     44.662   3.650  1.03176E+00  9.57961E-01  7.39506E-02
    7492.587     46.062   3.700  1.03632E+00  9.56003E-01  8.07733E-02
    7494.006     47.481   3.750  1.03667E+00  9.54045E-01  8.33943E-02
    7495.445     48.919   3.800  1.03310E+00  9.52087E-01  8.20703E-02
    7496.902     50.377   3.850  1.02684E+00  9.50482E-01  7.75838E-02
    7498.378     51.853   3.900  1.01772E+00  9.48877E-01  7.01564E-02
    7499.874     53.349   3.950  1.00646E+00  9.47273E-01  6.05029E-02
    7501.388     54.863   4.000  9.93857E-01  9.45668E-01  4.94112E-02
    7502.922     56.397   4.050  9.81418E-01  9.44816E-01  3.76226E-02
    7504.474     57.949   4.100  9.68994E-01  9.43964E-01  2.57914E-02
    7506.046     59.521   4.150  9.57210E-01  9.43112E-01  1.45628E-02
    7507.636     61.111   4.200  9.46543E-01  9.42260E-01  4.43450E-03
    7509.246     62.721   4.250  9.37876E-01  9.42164E-01 -4.44916E-03
    7510.875     64.350   4.300  9.30723E-01  9.42069E-01 -1.17907E-02
    7512.523     65.998   4.350  9.25074E-01  9.41973E-01 -1.75925E-02
    7514.190     67.665   4.400  9.20789E-01  9.41877E-01 -2.19924E-02
    7515.876     69.350   4.450  9.18149E-01  9.42349E-01 -2.52704E-02
    7517.581     71.055   4.500  9.16441E-01  9.42821E-01 -2.75828E-02
    7519.305     72.779   4.550  9.15446E-01  9.43293E-01 -2.91535E-02
    7521.048     74.523   4.600  9.15015E-01  9.43765E-01 -3.01380E-02
    7522.810     76.285   4.650  9.15285E-01  9.44489E-01 -3.06407E-02
    7524.591     78.066   4.700  9.16101E-01  9.45212E-01 -3.05711E-02
    7526.391     79.866   4.750  9.17557E-01  9.45936E-01 -2.98284E-02
    7528.210     81.685   4.800  9.19786E-01  9.46659E-01 -2.82711E-02
    7530.049     83.524   4.850  9.22758E-01  9.47258E-01 -2.57900E-02
    7531.906     85.381   4.900  9.26675E-01  9.47857E-01 -2.23104E-02
    7533.782     87.257   4.950  9.31506E-01  9.48456E-01 -1.78636E-02
    7535.678     89.153   5.000  9.37108E-01  9.49054E-01 -1.25980E-02
    7537.592     91.067   5.050  9.42849E-01  9.49307E-01 -6.81355E-03
    7539.526     93.001   5.100  9.48768E-01  9.49559E-01 -8.35576E-04
    7541.479     94.954   5.150  9.54475E-01  9.49812E-01  4.92476E-03
    7543.450     96.925   5.200  9.59574E-01  9.50064E-01  1.00489E-02
    7545.441     98.916   5.250  9.63196E-01  9.49823E-01  1.41372E-02
    7547.451    100.926   5.300  9.65648E-01  9.49581E-01  1.69915E-02
    7549.480    102.955   5.350  9.66806E-01  9.49339E-01  1.84793E-02
    7551.527    105.002   5.400  9.66677E-01  9.49098E-01  1.86057E-02
    7553.594    107.069   5.450  9.64995E-01  9.48411E-01  1.75597E-02
    7555.680    109.155   5.500  9.62480E-01  9.47724E-01  1.56305E-02
    7557.785    111.260   5.550  9.59465E-01  9.47037E-01  1.31700E-02
    7559.909    113.384   5.600  9.56302E-01  9.46351E-01  1.05508E-02
    7562.053    115.527   5.650  9.53105E-01  9.45381E-01  8.19195E-03
    7564.215    117.690   5.700  9.50342E-01  9.44411E-01  6.29232E-03
    7566.396    119.871   5.750  9.48144E-01  9.43441E-01  4.99179E-03
    7568.596    122.071   5.800  9.46519E-01  9.42471E-01  4.29772E-03
    7570.816    124.290   5.850  9.45283E-01  9.41380E-01  4.14546E-03
    7573.054    126.529   5.900  9.44270E-01  9.40288E-01  4.23087E-03
    7575.311    128.786   5.950  9.43214E-01  9.39197E-01  4.26941E-03
    7577.588    131.063   6.000  9.41845E-01  9.38106E-01  3.97615E-03
    7579.883    133.358   6.050  9.40433E-01  9.37583E-01  3.02998E-03
    7582.198    135.673   6.100  9.38299E-01  9.37061E-01  1.31617E-03
    7584.531    138.006   6.150  9.35455E-01  9.36538E-01 -1.15172E-03
    7586.884    140.359   6.200  9.32057E-01  9.36016E-01 -4.20905E-03
    7589.256    142.731   6.250  9.28382E-01  9.35494E-01 -7.55924E-03
    7591.647    145.122   6.300  9.24796E-01  9.34971E-01 -1.08153E-02
    7594.056    147.531   6.350  9.21693E-01  9.34449E-01 -1.35577E-02
    7596.485    149.960   6.400  9.19437E-01  9.33927E-01 -1.53987E-02
    7598.933    152.408   6.450  9.18306E-01  9.33404E-01 -1.60443E-02
    7601.400    154.875   6.500  9.18443E-01  9.32882E-01 -1.53423E-02
    7603.886    157.361   6.550  9.20461E-01  9.32899E-01 -1.32182E-02
    7606.391    159.866   6.600  9.23633E-01  9.32916E-01 -9.86575E-03
    7608.915    162.390   6.650  9.27604E-01  9.32933E-01 -5.66409E-03
    7611.459    164.933   6.700  9.31913E-01  9.32950E-01 -1.10272E-03
    7614.021    167.496   6.750  9.36063E-01  9.32967E-01  3.29185E-03
    7616.602    170.077   6.800  9.39599E-01  9.32984E-01  7.03353E-03
    7619.202    172.677   6.850  9.42165E-01  9.33001E-01  9.74532E-03
    7621.822    175.297   6.900  9.43556E-01  9.33018E-01  1.12082E-02
    7624.460    177.935   6.950  9.43736E-01  9.33035E-01  1.13831E-02
    7627.118    180.592   7.000  9.42831E-01  9.33052E-01  1.04032E-02
    7629.794    183.269   7.050  9.40907E-01  9.32922E-01  8.49852E-03
    7632.490    185.965   7.100  9.38484E-01  9.32793E-01  6.06049E-03
    7635.204    188.679   7.150  9.35943E-01  9.32663E-01  3.49379E-03
    7637.938    191.413   7.200  9.33623E-01  9.32533E-01  1.16105E-03
    7640.691    194.166   7.250  9.31777E-01  9.32404E-01 -6.68314E-04
    7643.462    196.937   7.300  9.30541E-01  9.32274E-01 -1.84804E-03
    7646.253    199.728   7.350  9.29932E-01  9.32144E-01 -2.36094E-03
    7649.063    202.538   7.400  9.29858E-01  9.32014E-01 -2.30230E-03
    7651.892    205.367   7.450  9.30156E-01  9.31885E-01 -1.84632E-03
    7654.740    208.215   7.500  9.30629E-01  9.31755E-01 -1.20339E-03
    7657.607    211.082   7.550  9.30501E-01  9.31024E-01 -5.58927E-04
    7660.493    213.968   7.600  9.30196E-01  9.30292E-01 -1.02765E-04
    7663.398    216.873   7.650  9.29621E-01  9.29561E-01  6.50886E-05
    7666.322    219.797   7.700  9.28757E-01  9.28829E-01 -7.74360E-05
    7669.266    222.740   7.750  9.27649E-01  9.28098E-01 -4.81156E-04
    7672.228    225.703   7.800  9.26393E-01  9.27366E-01 -1.04449E-03
    7675.209    228.684   7.850  9.25108E-01  9.26635E-01 -1.63938E-03
    7678.209    231.684   7.900  9.23913E-01  9.25903E-01 -2.13864E-03
    7681.229    234.704   7.950  9.22903E-01  9.25172E-01 -2.43965E-03
    7684.267    237.742   8.000  9.22135E-01  9.24440E-01 -2.48058E-03
    7687.325    240.800   8.050  9.21470E-01  9.23579E-01 -2.27091E-03
    7690.401    243.876   8.100  9.21046E-01  9.22717E-01 -1.80090E-03
    7693.497    246.972   8.150  9.20804E-01  9.21856E-01 -1.13383E-03
    7696.612    250.087   8.200  9.20661E-01  9.20995E-01 -3.59881E-04
    7699.745    253.220   8.250  9.20522E-01  9.20133E-01  4.19573E-04
    7702.898    256.373   8.300  9.20298E-01  9.19272E-01  1.10763E-03
    7706.070    259.545   8.350  9.19915E-01  9.18411E-01  1.62529E-03
    7709.261    262.736   8.400  9.19326E-01  9.17549E-01  1.92108E-03
    7712.471    265.946   8.450  9.18515E-01  9.16688E-01  1.97615E-03
    7715.700    269.175   8.500  9.17494E-01  9.15827E-01  1.80468E-03
    7718.948    272.423   8.550  9.16628E-01  9.15287E-01  1.45130E-03
    7722.215    275.690   8.600  9.15644E-01  9.14748E-01  9.70880E-04
    7725.501    278.976   8.650  9.14619E-01  9.14209E-01  4.44906E-04
    7728.806    282.281   8.700  9.13629E-01  9.13669E-01 -4.31650E-05
    7732.130    285.605   8.750  9.12742E-01  9.13130E-01 -4.20354E-04
    7735.474    288.948   8.800  9.12006E-01  9.12591E-01 -6.34743E-04
    7738.836    292.311   8.850  9.11441E-01  9.12051E-01 -6.62717E-04
    7742.217    295.692   8.900  9.11041E-01  9.11512E-01 -5.11884E-04
    7745.618    299.093   8.950  9.10771E-01  9.10972E-01 -2.19243E-04
    7749.037    302.512   9.000  9.10576E-01  9.10433E-01  1.55148E-04
    7752.476    305.950   9.050  9.10495E-01  9.09988E-01  5.51518E-04
    7755.933    309.408   9.100  9.10354E-01  9.09543E-01  8.83138E-04
    7759.410    312.885   9.150  9.10089E-01  9.09098E-01  1.08030E-03
    7762.905    316.380   9.200  9.09657E-01  9.08653E-01  1.09512E-03
    7766.420    319.895   9.250  9.09041E-01  9.08208E-01  9.09582E-04
    7769.954    323.429   9.300  9.08256E-01  9.07763E-01  5.38753E-04
    7773.507    326.982   9.350  9.07344E-01  9.07318E-01  2.85216E-05
    7777.079    330.553   9.400  9.06369E-01  9.06873E-01 -5.51665E-04
    7780.669    334.144   9.450  9.05406E-01  9.06428E-01 -1.11989E-03
    7784.279    337.754   9.500  9.04528E-01  9.05983E-01 -1.59481E-03
    7787.908    341.383   9.550  9.03443E-01  9.05194E-01 -1.92132E-03
    7791.556    345.031   9.600  9.02551E-01  9.04404E-01 -2.03586E-03
    7795.224    348.698   9.650  9.01867E-01  9.03615E-01 -1.92228E-03
    7798.910    352.385   9.700  9.01374E-01  9.02825E-01 -1.59845E-03
    7802.615    356.090   9.750  9.01027E-01  9.02036E-01 -1.11203E-03
    7806.339    359.814   9.800  9.00765E-01  9.01246E-01 -5.31462E-04
    7810.083    363.557   9.850  9.00517E-01  9.00457E-01  6.60094E-05
    7813.845    367.320   9.900  9.00216E-01  8.99667E-01  6.07069E-04
    7817.626    371.101   9.950  8.99811E-01  8.98878E-01  1.03347E-03
    7821.427    374.902  10.000  8.99269E-01  8.98088E-01  1.30977E-03
    7825.246    378.721  10.050  8.98483E-01  8.97196E-01  1.42915E-03
    7829.085    382.560  10.100  8.97561E-01  8.96303E-01  1.39792E-03
    7832.942    386.417  10.150  8.96537E-01  8.95410E-01  1.25304E-03
    7836.819    390.294  10.200  8.95454E-01  8.94518E-01  1.04264E-03
    7840.715    394.190  10.250  8.94356E-01  8.93625E-01  8.15076E-04
    7844.630    398.104  10.300  8.93278E-01  8.92732E-01  6.09098E-04
    7848.563    402.038  10.350  8.92240E-01  8.91840E-01  4.47288E-04
    7852.516    405.991  10.400  8.91246E-01  8.90947E-01  3.33823E-04
    7856.488    409.963  10.450  8.90284E-01  8.90054E-01  2.56779E-04
    7860.479    413.954  10.500  8.89335E-01  8.89162E-01  1.94069E-04
    7864.489    417.964  10.550  8.88377E-01  8.88269E-01  1.21332E-04
    7868.518    421.993  10.600  8.87394E-01  8.87377E-01  1.97494E-05
    7872.566    426.041  10.650  8.86379E-01  8.86484E-01 -1.18150E-04
    7876.633    430.108  10.700  8.85337E-01  8.85591E-01 -2.86028E-04
    7880.720    434.195  10.750  8.84286E-01  8.84699E-01 -4.65106E-04
    7884.825    438.300  10.800  8.83248E-01  8.83806E-01 -6.28879E-04
    7888.949    442.424  10.850  8.82249E-01  8.82913E-01 -7.49900E-04
    7893.093    446.567  10.900  8.81307E-01  8.82021E-01 -8.06880E-04
    7897.255    450.730  10.950  8.80429E-01  8.81128E-01 -7.90328E-04
    7901.436    454.911  11.000  8.79613E-01  8.80235E-01 -7.05333E-04
    7905.637    459.112  11.050  8.79035E-01  8.79539E-01 -5.72280E-04
    7909.856    463.331  11.100  8.78476E-01  8.78844E-01 -4.17121E-04
    7914.095    467.570  11.150  8.77909E-01  8.78148E-01 -2.71549E-04
    7918.353    471.828  11.200  8.77308E-01  8.77452E-01 -1.63428E-04
    7922.629    476.104  11.250  8.76659E-01  8.76756E-01 -1.10390E-04
    7926.925    480.400  11.300  8.75958E-01  8.76060E-01 -1.15682E-04
    7931.240    484.715  11.350  8.75217E-01  8.75364E-01 -1.67209E-04
    7935.574    489.049  11.400  8.74458E-01  8.74668E-01 -2.40023E-04
    7939.927    493.402  11.450  8.73708E-01  8.73972E-01 -3.01784E-04
    7944.299    497.774  11.500  8.72996E-01  8.73276E-01 -3.19982E-04
    7948.690    502.165  11.550  8.72345E-01  8.72580E-01 -2.69340E-04
    7953.100    506.575  11.600  8.71764E-01  8.71884E-01 -1.37724E-04
    7957.529    511.004  11.650  8.71250E-01  8.71188E-01  7.07696E-05
    7961.977    515.452  11.700  8.70786E-01  8.70493E-01  3.36223E-04
    7966.444    519.919  11.750  8.70342E-01  8.69797E-01  6.26643E-04
    7970.931    524.405  11.800  8.69887E-01  8.69101E-01  9.04099E-04
    7975.436    528.911  11.850  8.69388E-01  8.68405E-01  1.13176E-03
    7979.960    533.435  11.900  8.68821E-01  8.67709E-01  1.28023E-03
    7984.504    537.979  11.950  8.68168E-01  8.67013E-01  1.33180E-03
    7989.066    542.541  12.000  8.67428E-01  8.66317E-01  1.28191E-03
    7993.648    547.122  12.050  8.66399E-01  8.65411E-01  1.14125E-03
    7998.248    551.723  12.100  8.65303E-01  8.64505E-01  9.22163E-04
    8002.868    556.343  12.150  8.64154E-01  8.63599E-01  6.43029E-04
    8007.506    560.981  12.200  8.62971E-01  8.62693E-01  3.22642E-04
    8012.164    565.639  12.250  8.61768E-01  8.61787E-01 -2.11976E-05
    8016.841    570.316  12.300  8.60560E-01  8.60881E-01 -3.71717E-04
    8021.537    575.012  12.350  8.59361E-01  8.59974E-01 -7.12410E-04
    8026.251    579.726  12.400  8.58186E-01  8.59068E-01 -1.02625E-03
    8030.985    584.460  12.450  8.57049E-01  8.58162E-01 -1.29556E-03
    8035.738    589.213  12.500  8.55966E-01  8.57256E-01 -1.50275E-03
    8040.510    593.985  12.550  8.54951E-01  8.56350E-01 -1.63188E-03
    8045.301    598.776  12.600  8.54013E-01  8.55444E-01 -1.67053E-03
    8050.112    603.586  12.650  8.53159E-01  8.54538E-01 -1.61141E-03
    8054.941    608.416  12.700  8.52389E-01  8.53632E-01 -1.45351E-03
    8059.789    613.264  12.750  8.51699E-01  8.52726E-01 -1.20243E-03
    8064.656    618.131  12.800  8.51077E-01  8.51820E-01 -8.70155E-04
    8069.542    623.017  12.850  8.50509E-01  8.50914E-01 -4.74508E-04
    8074.448    627.923  12.900  8.49975E-01  8.50008E-01 -3.83617E-05
    8079.372    632.847  12.950  8.49451E-01  8.49101E-01  4.11271E-04
    8084.316    637.791  13.000  8.48913E-01  8.48195E-01  8.44480E-04
    8089.278    642.753  13.050  8.48428E-01  8.47373E-01  1.24187E-03
    8094.260    647.735  13.100  8.47878E-01  8.46551E-01  1.56452E-03
    8099.260    652.735  13.150  8.47243E-01  8.45729E-01  1.78680E-03
    8104.280    657.755  13.200  8.46507E-01  8.44907E-01  1.89050E-03
    8109.319    662.794  13.250  8.45664E-01  8.44085E-01  1.86665E-03
    8114.376    667.851  13.300  8.44713E-01  8.43263E-01  1.71633E-03
    8119.453    672.928  13.350  8.43665E-01  8.42441E-01  1.45066E-03
    8124.549    678.024  13.400  8.42538E-01  8.41619E-01  1.08977E-03
    8129.664    683.139  13.450  8.41354E-01  8.40797E-01  6.61217E-04
    8134.798    688.273  13.500  8.40141E-01  8.39974E-01  1.97707E-04
    8139.951    693.426  13.550  8.38929E-01  8.39152E-01 -2.65428E-04
    8145.123    698.598  13.600  8.37748E-01  8.38330E-01 -6.93107E-04
    8150.314    703.789  13.650  8.36624E-01  8.37508E-01 -1.05349E-03
    8155.524    708.999  13.700  8.35579E-01  8.36686E-01 -1.32093E-03
    8160.753    714.228  13.750  8.34626E-01  8.35864E-01 -1.47873E-03
    8166.002    719.477  13.800  8.33769E-01  8.35042E-01 -1.52111E-03
    8171.269    724.744  13.850  8.33004E-01  8.34220E-01 -1.45418E-03
    8176.555    730.030  13.900  8.32316E-01  8.33398E-01 -1.29539E-03
    8181.861    735.336  13.950  8.31682E-01  8.32576E-01 -1.07130E-03
    8187.185    740.660  14.000  8.31075E-01  8.31753E-01 -8.13718E-04
    8192.529    746.004  14.050  8.30323E-01  8.30773E-01 -5.40876E-04
    8197.891    751.366  14.100  8.29549E-01  8.29792E-01 -2.93252E-04
    8203.273    756.748  14.150  8.28735E-01  8.28812E-01 -9.31076E-05
    8208.674    762.148  14.200  8.27873E-01  8.27831E-01  5.03735E-05
    8214.093    767.568  14.250  8.26968E-01  8.26851E-01  1.41798E-04
    8219.532    773.007  14.300  8.26034E-01  8.25870E-01  1.97082E-04
    8224.990    778.465  14.350  8.25087E-01  8.24890E-01  2.38431E-04
    8230.467    783.942  14.400  8.24147E-01  8.23909E-01  2.88098E-04
    8235.963    789.437  14.450  8.23228E-01  8.22929E-01  3.62571E-04
    8241.478    794.952  14.500  8.22334E-01  8.21948E-01  4.68562E-04
    8247.012    800.486  14.550  8.21463E-01  8.20968E-01  6.01616E-04
    8252.565    806.039  14.600  8.20602E-01  8.19987E-01  7.47346E-04
    8258.137    811.612  14.650  8.19733E-01  8.19007E-01  8.84643E-04
    8263.728    817.203  14.700  8.18838E-01  8.18026E-01  9.89873E-04
    8269.338    822.813  14.750  8.17898E-01  8.17046E-01  1.04107E-03
    8274.967    828.442  14.800  8.16901E-01  8.16065E-01  1.02147E-03
    8280.616    834.090  14.850  8.15838E-01  8.15085E-01  9.22003E-04
    8286.283    839.758  14.900  8.14711E-01  8.14104E-01  7.42873E-04
    8291.969    845.444  14.950  8.13527E-01  8.13124E-01  4.94078E-04
    8297.675    851.150  15.000  8.12302E-01  8.12143E-01  1.94958E-04
    8303.399    856.874  15.050  8.11106E-01  8.11214E-01 -1.33939E-04
    8309.143    862.618  15.100  8.09916E-01  8.10286E-01 -4.55534E-04
    8314.905    868.380  15.150  8.08761E-01  8.09357E-01 -7.33954E-04
    8320.687    874.162  15.200  8.07668E-01  8.08428E-01 -9.38546E-04
    8326.488    879.963  15.250  8.06650E-01  8.07500E-01 -1.04906E-03
    8332.308    885.782  15.300  8.05714E-01  8.06571E-01 -1.05905E-03
    8338.146    891.621  15.350  8.04853E-01  8.05642E-01 -9.76744E-04
    8344.004    897.479  15.400  8.04049E-01  8.04713E-01 -8.23337E-04
    8349.881    903.356  15.450  8.03278E-01  8.03785E-01 -6.28873E-04
    8355.777    909.252  15.500  8.02513E-01  8.02856E-01 -4.26643E-04
    8361.692    915.167  15.550  8.01729E-01  8.01927E-01 -2.47147E-04
    8367.626    921.101  15.600  8.00908E-01  8.00999E-01 -1.12768E-04
    8373.579    927.054  15.650  8.00042E-01  8.00070E-01 -3.41532E-05
    8379.551    933.026  15.700  7.99134E-01  7.99141E-01 -8.92962E-06
    8385.543    939.017  15.750  7.98194E-01  7.98212E-01 -2.29059E-05
    8391.553    945.028  15.800  7.97241E-01  7.97284E-01 -5.34585E-05
    8397.582    951.057  15.850  7.96296E-01  7.96355E-01 -7.43936E-05
    8403.630    957.105  15.900  7.95377E-01  7.95426E-01 -6.13492E-05
    8409.698    963.173  15.950  7.94500E-01  7.94497E-01  3.24836E-06
    8415.784    969.259  16.000  7.93669E-01  7.93569E-01  1.26520E-04
    8421.890    975.365  16.050  7.92815E-01  7.92567E-01  3.11063E-04
    8428.014    981.489  16.100  7.91993E-01  7.91566E-01  5.38432E-04
    8434.158    987.633  16.150  7.91182E-01  7.90565E-01  7.79023E-04
    8440.321    993.795  16.200  7.90350E-01  7.89564E-01  9.93559E-04
    8446.502    999.977  16.250  7.89463E-01  7.88562E-01  1.13947E-03
    8452.703   1006.178  16.300  7.88491E-01  7.87561E-01  1.17861E-03
    8458.923   1012.398  16.350  7.87415E-01  7.86560E-01  1.08501E-03
    8465.162   1018.637  16.400  7.86228E-01  7.85558E-01  8.51074E-04
    8471.420   1024.894  16.450  7.84943E-01  7.84557E-01  4.90974E-04
    8477.697   1031.171  16.500  7.83587E-01  7.83556E-01  4.04300E-05
    8483.993   1037.467  16.550  7.82203E-01  7.82554E-01 -4.47446E-04
    8490.308   1043.782  16.600  7.80841E-01  7.81553E-01 -9.09646E-04
    8496.642   1050.117  16.650  7.79548E-01  7.80552E-01 -1.28294E-03
    8502.995   1056.470  16.700  7.78368E-01  7.79550E-01 -1.51406E-03
    8509.367   1062.842  16.750  7.77325E-01  7.78549E-01 -1.56864E-03
    8515.758   1069.233  16.800  7.76428E-01  7.77548E-01 -1.43722E-03
    8522.169   1075.643  16.850  7.75662E-01  7.76547E-01 -1.13717E-03
    8528.598   1082.073  16.900  7.74993E-01  7.75545E-01 -7.10223E-04
    8535.046   1088.521  16.950  7.74376E-01  7.74544E-01 -2.15931E-04
    8541.514   1094.989  17.000  7.73758E-01  7.73543E-01  2.77770E-04
    8548.000   1101.475  17.050  7.73107E-01  7.72547E-01  7.23666E-04
    8554.506   1107.981  17.100  7.72365E-01  7.71551E-01  1.05233E-03
    8561.030   1114.505  17.150  7.71502E-01  7.70555E-01  1.22652E-03
    8567.574   1121.049  17.200  7.70511E-01  7.69559E-01  1.23369E-03
    8574.137   1127.612  17.250  7.69400E-01  7.68563E-01  1.08631E-03
    8580.718   1134.193  17.300  7.68197E-01  7.67568E-01  8.18042E-04
    8587.319   1140.794  17.350  7.66938E-01  7.66572E-01  4.76791E-04
    8593.939   1147.414  17.400  7.65665E-01  7.65576E-01  1.15981E-04
    8600.578   1154.053  17.450  7.64416E-01  7.64580E-01 -2.14266E-04
    8607.236   1160.711  17.500  7.63221E-01  7.63584E-01 -4.74532E-04
    8613.913   1167.388  17.550  7.62099E-01  7.62588E-01 -6.40939E-04
    8620.609   1174.084  17.600  7.61053E-01  7.61593E-01 -7.06819E-04
    8627.324   1180.799  17.650  7.60078E-01  7.60597E-01 -6.81273E-04
    8634.058   1187.533  17.700  7.59155E-01  7.59601E-01 -5.85250E-04
    8640.811   1194.286  17.750  7.58266E-01  7.58605E-01 -4.46144E-04
    8647.584   1201.059  17.800  7.57388E-01  7.57609E-01 -2.92096E-04
    8654.375   1207.850  17.850  7.56502E-01  7.56614E-01 -1.47093E-04
    8661.185   1214.660  17.900  7.55597E-01  7.55618E-01 -2.76406E-05
    8668.015   1221.490  17.950  7.54666E-01  7.54622E-01  5.85802E-05
    8674.863   1228.338  18.000  7.53711E-01  7.53626E-01  1.12149E-04
    8681.731   1235.206  18.050  7.52688E-01  7.52594E-01  1.25827E-04
    8688.617   1242.092  18.100  7.51657E-01  7.51561E-01  1.27649E-04
    8695.523   1248.998  18.150  7.50628E-01  7.50529E-01  1.32049E-04
    8702.447   1255.922  18.200  7.49609E-01  7.49496E-01  1.49915E-04
    8709.391   1262.866  18.250  7.48603E-01  7.48464E-01  1.86167E-04
    8716.354   1269.829  18.300  7.47610E-01  7.47431E-01  2.38834E-04
    8723.336   1276.811  18.350  7.46623E-01  7.46399E-01  2.99665E-04
    8730.337   1283.811  18.400  7.45632E-01  7.45366E-01  3.56044E-04
    8737.356   1290.831  18.450  7.44627E-01  7.44334E-01  3.93752E-04
    8744.395   1297.870  18.500  7.43599E-01  7.43301E-01  3.99974E-04
    8751.453   1304.928  18.550  7.42541E-01  7.42269E-01  3.65968E-04
    8758.530   1312.005  18.600  7.41451E-01  7.41236E-01  2.88926E-04
    8765.627   1319.101  18.650  7.40332E-01  7.40204E-01  1.72717E-04
    8772.742   1326.217  18.700  7.39192E-01  7.39171E-01  2.74452E-05
    8779.876   1333.351  18.750  7.38041E-01  7.38139E-01 -1.32041E-04
    8787.029   1340.504  18.800  7.36894E-01  7.37107E-01 -2.88374E-04
    8794.201   1347.676  18.850  7.35761E-01  7.36074E-01 -4.24216E-04
    8801.393   1354.868  18.900  7.34655E-01  7.35042E-01 -5.24695E-04
    8808.603   1362.078  18.950  7.33583E-01  7.34009E-01 -5.79334E-04
    8815.833   1369.308  19.000  7.32549E-01  7.32977E-01 -5.83226E-04
    8823.081   1376.556  19.050  7.31542E-01  7.31934E-01 -5.34250E-04
    8830.349   1383.824  19.100  7.30566E-01  7.30891E-01 -4.44208E-04
    8837.635   1391.110  19.150  7.29611E-01  7.29848E-01 -3.23509E-04
    8844.941   1398.416  19.200  7.28670E-01  7.28805E-01 -1.84875E-04
    8852.266   1405.741  19.250  7.27732E-01  7.27762E-01 -4.16279E-05
    8859.609   1413.084  19.300  7.26787E-01  7.26719E-01  9.38813E-05
    8866.972   1420.447  19.350  7.25830E-01  7.25676E-01  2.11497E-04
    8874.354   1427.829  19.400  7.24854E-01  7.24633E-01  3.04016E-04
    8881.755   1435.230  19.450  7.23856E-01  7.23590E-01  3.67460E-04
    8889.175   1442.650  19.500  7.22837E-01  7.22547E-01  4.00926E-04
    8896.614   1450.089  19.550  7.21798E-01  7.21504E-01  4.06126E-04
    8904.072   1457.547  19.600  7.20740E-01  7.20461E-01  3.86751E-04
    8911.549   1465.024  19.650  7.19669E-01  7.19419E-01  3.47778E-04
    8919.045   1472.520  19.700  7.18588E-01  7.18376E-01  2.94810E-04
    8926.560   1480.035  19.750  7.17500E-01  7.17333E-01  2.33500E-04
    8934.095   1487.569  19.800  7.16411E-01  7.16290E-01  1.69066E-04
    8941.648   1495.123  19.850  7.15323E-01  7.15247E-01  1.05903E-04
    8949.220   1502.695  19.900  7.14238E-01  7.14204E-01  4.72807E-05
    8956.812   1510.286  19.950  7.13157E-01  7.13161E-01 -4.85536E-06
    8964.422   1517.897  20.000  7.12082E-01  7.12118E-01 -4.99619E-05
